9 0.6328125 0.66875 0.0828125 0.0765625
9 0.49296875 0.5734375 0.0859375 0.04375
9 0.39140625 0.565625 0.09375 0.06875
9 0.37109375 0.73828125 0.05 0.05
9 0.71171875 0.66953125 0.0546875 0.0328125
9 0.6953125 0.56328125 0.10625 0.053125
9 0.665625 0.60234375 0.078125 0.0375
9 0.72265625 0.60390625 0.071875 0.0453125
9 0.73984375 0.63828125 0.0625 0.046875
9 0.54453125 0.60078125 0.090625 0.0640625
9 0.48046875 0.6 0.0625 0.034375
9 0.42890625 0.67734375 0.040625 0.040625
9 0.43125 0.75859375 0.0421875 0.028125
9 0.340625 0.771875 0.05 0.0359375
9 0.3375 0.73984375 0.04375 0.05
9 0.409375 0.73046875 0.05 0.0484375
9 0.39609375 0.77578125 0.071875 0.0375
9 0.534375 0.68828125 0.05 0.0328125
9 0.5796875 0.73125 0.0703125 0.0421875
9 0.44296875 0.64765625 0.078125 0.0484375
9 0.41015625 0.61953125 0.075 0.046875
9 0.45625 0.8140625 0.040625 0.0390625
9 0.69609375 0.6890625 0.040625 0.0328125
9 0.44765625 0.61953125 0.040625 0.0265625
9 0.4125 0.38984375 0.1015625 0.053125
9 0.5078125 0.35546875 0.0875 0.0796875