9 0.6203125 0.32265625 0.078125 0.071875
9 0.4875 0.42734375 0.084375 0.0375
9 0.3875 0.4421875 0.090625 0.0640625
9 0.3546875 0.271875 0.046875 0.046875
9 0.7 0.315625 0.053125 0.0296875
9 0.68984375 0.4234375 0.1046875 0.046875
9 0.6578125 0.3859375 0.0765625 0.0328125
9 0.71484375 0.38046875 0.06875 0.0421875
9 0.7296875 0.3453125 0.0609375 0.04375
9 0.5375 0.396875 0.0875 0.059375
9 0.4734375 0.40234375 0.0609375 0.03125
9 0.4171875 0.328125 0.0390625 0.0375
9 0.41328125 0.246875 0.0421875 0.025
9 0.321875 0.23984375 0.0484375 0.0328125
9 0.32109375 0.271875 0.040625 0.0484375
9 0.39296875 0.2765625 0.046875 0.0453125
9 0.3765625 0.23203125 0.0703125 0.0328125
9 0.52109375 0.309375 0.0484375 0.03125
9 0.56328125 0.2640625 0.06875 0.0390625
9 0.4328125 0.35703125 0.0765625 0.04375
9 0.40234375 0.3875 0.071875 0.0421875
9 0.434375 0.18984375 0.0375 0.0375
9 0.68203125 0.29765625 0.0375 0.03125
9 0.43984375 0.384375 0.040625 0.0234375
9 0.4203125 0.61640625 0.1 0.046875
9 0.51796875 0.64375 0.0828125 0.075