9 0.49921875 0.71484375 0.0953125 0.09375
9 0.55078125 0.553125 0.0875 0.0671875
9 0.62578125 0.48515625 0.103125 0.090625
9 0.7484375 0.6078125 0.059375 0.059375
9 0.4375 0.7640625 0.0578125 0.046875
9 0.38515625 0.6703125 0.1078125 0.0828125
9 0.4328125 0.6828125 0.078125 0.059375
9 0.38828125 0.71875 0.075 0.0640625
9 0.39609375 0.75703125 0.06875 0.0609375
9 0.5265625 0.60625 0.0984375 0.0859375
9 0.57734375 0.56640625 0.0640625 0.0515625
9 0.66484375 0.59609375 0.0484375 0.0484375
9 0.71328125 0.6609375 0.0453125 0.0390625
9 0.79296875 0.61640625 0.0546875 0.0484375
9 0.7765625 0.5890625 0.0546875 0.0578125
9 0.71328125 0.62578125 0.059375 0.0578125
9 0.75234375 0.653125 0.0734375 0.0578125
9 0.5890625 0.66953125 0.053125 0.0453125
9 0.5796875 0.73125 0.0734375 0.0609375
9 0.6359375 0.58125 0.0828125 0.0671875
9 0.64375 0.5390625 0.078125 0.065625
9 0.72734375 0.7203125 0.046875 0.046875
9 0.46171875 0.76953125 0.0453125 0.0421875
9 0.61484375 0.5625 0.04375 0.0359375
9 0.5015625 0.359375 0.103125 0.08125
9 0.4046875 0.39140625 0.1 0.096875