2 0.7609375 0.3109375 0.1328125 0.225
2 0.5640625 0.18125 0.1140625 0.1703125
2 0.60703125 0.4015625 0.1703125 0.1578125
2 0.390625 0.2296875 0.1265625 0.1703125
2 0.103125 0.5875 0.1234375 0.1703125
2 0.7375 0.859375 0.1015625 0.1328125
2 0.63671875 0.90234375 0.096875 0.1390625
2 0.40546875 0.44765625 0.1203125 0.2
2 0.20234375 0.45234375 0.103125 0.21875
2 0.5046875 0.13515625 0.1140625 0.2140625
2 0.6796875 0.2625 0.0890625 0.1296875
2 0.66015625 0.51484375 0.0890625 0.0703125
2 0.065625 0.7125 0.1203125 0.146875
2 0.25234375 0.23359375 0.1203125 0.0921875