3 0.221875 0.57890625 0.1859375 0.2421875
3 0.365625 0.76484375 0.153125 0.1859375
3 0.38984375 0.54453125 0.2 0.1890625
3 0.53984375 0.7765625 0.1625 0.1890625
3 0.90625 0.5375 0.1640625 0.190625
3 0.4 0.075 0.1328125 0.1484375
3 0.509375 0.07109375 0.13125 0.1421875
3 0.58828125 0.56875 0.16875 0.2171875
3 0.7765625 0.63125 0.1578125 0.23125
3 0.40859375 0.828125 0.165625 0.228125
3 0.28359375 0.65 0.11875 0.1421875
3 0.37265625 0.42265625 0.1015625 0.0875
3 0.95 0.4328125 0.1 0.165625
3 0.6671875 0.81875 0.1359375 0.1140625
9 0.6171875 0.359375 0.09375 0.10625
9 0.696875 0.26015625 0.05 0.05625
9 0.61875 0.0734375 0.0859375 0.0859375
9 0.43515625 0.31328125 0.075 0.0828125
9 0.61015625 0.23828125 0.0546875 0.0734375
9 0.3796875 0.29765625 0.075 0.0875
9 0.478125 0.26640625 0.05 0.0578125
9 0.36015625 0.23984375 0.0546875 0.0609375
9 0.42265625 0.2265625 0.053125 0.0578125
9 0.3953125 0.24296875 0.0265625 0.0375
9 0.3171875 0.3265625 0.103125 0.0984375
9 0.3265625 0.26796875 0.034375 0.040625
9 0.62265625 0.146875 0.0375 0.0453125
9 0.78515625 0.3078125 0.0640625 0.06875