3 0.33359375 0.73671875 0.2 0.246875
3 0.5625 0.78984375 0.1625 0.190625
3 0.44296875 0.60390625 0.2078125 0.1984375
3 0.7046875 0.68984375 0.171875 0.19375
3 0.8390625 0.2734375 0.1734375 0.1953125
3 0.15546875 0.23203125 0.1390625 0.153125
3 0.22890625 0.15078125 0.140625 0.1703125
3 0.61171875 0.49765625 0.18125 0.221875
3 0.79765625 0.428125 0.171875 0.2328125
3 0.6359375 0.8125 0.178125 0.23125
3 0.42578125 0.753125 0.125 0.1453125
3 0.35234375 0.5203125 0.1046875 0.0921875
3 0.828125 0.14921875 0.159375 0.1703125
3 0.83046875 0.64296875 0.140625 0.121875
9 0.50234375 0.3171875 0.0984375 0.109375
9 0.50234375 0.18984375 0.0515625 0.0578125
9 0.32421875 0.09375 0.090625 0.0890625
9 0.33203125 0.39609375 0.0796875 0.0859375
9 0.42109375 0.2265625 0.059375 0.075
9 0.27890625 0.41796875 0.078125 0.090625
9 0.3359375 0.33203125 0.053125 0.059375
9 0.228125 0.3859375 0.0578125 0.0640625
9 0.26796875 0.3359375 0.05625 0.059375
9 0.25703125 0.365625 0.0296875 0.0390625
9 0.2484375 0.48046875 0.1078125 0.103125
9 0.21953125 0.42890625 0.0359375 0.040625
9 0.3734375 0.1484375 0.0390625 0.0453125
9 0.60078125 0.17109375 0.0671875 0.071875