2 0.715625 0.65859375 0.15 0.2265625
2 0.5046875 0.7984375 0.1265625 0.1703125
2 0.5625 0.5703125 0.184375 0.15625
2 0.328125 0.75703125 0.1390625 0.1703125
2 0.06015625 0.40078125 0.1203125 0.1703125
2 0.72421875 0.09296875 0.1109375 0.1328125
2 0.62265625 0.0640625 0.1078125 0.1203125
2 0.35625 0.53125 0.1359375 0.2015625
2 0.14609375 0.53515625 0.11875 0.221875
2 0.440625 0.84921875 0.1296875 0.215625
2 0.62890625 0.7109375 0.0984375 0.1296875
2 0.62421875 0.4515625 0.0953125 0.06875
2 0.0453125 0.27421875 0.090625 0.146875
2 0.1859375 0.759375 0.1296875 0.0890625