3 0.57578125 0.77890625 0.2390625 0.2453125
3 0.3421875 0.75078125 0.1890625 0.19375
3 0.51796875 0.6171875 0.2203125 0.21875
3 0.2421875 0.60859375 0.196875 0.2
3 0.25859375 0.17109375 0.1984375 0.2015625
3 0.915625 0.36640625 0.1578125 0.159375
3 0.8734375 0.26484375 0.1671875 0.1703125
3 0.3953125 0.459375 0.215625 0.221875
3 0.2453125 0.33046875 0.215625 0.2234375
3 0.265625 0.74765625 0.21875 0.2265625
3 0.4828125 0.76328125 0.1453125 0.1484375
3 0.63203125 0.56953125 0.1078125 0.10625
3 0.3109375 0.0734375 0.178125 0.146875
3 0.140625 0.52109375 0.14375 0.140625
9 0.56015625 0.32734375 0.1125 0.1140625
9 0.60390625 0.2078125 0.059375 0.059375
9 0.8046875 0.178125 0.096875 0.096875
9 0.69296875 0.459375 0.0890625 0.0890625
9 0.66796875 0.2703125 0.071875 0.0734375
9 0.7359375 0.4984375 0.090625 0.0921875
9 0.71171875 0.3984375 0.0609375 0.0609375
9 0.79453125 0.4859375 0.065625 0.065625
9 0.77421875 0.425 0.0625 0.0625
9 0.77421875 0.45703125 0.0359375 0.0375
9 0.74296875 0.5671875 0.1140625 0.1140625
9 0.78828125 0.52890625 0.0421875 0.0421875
9 0.7390625 0.21328125 0.0453125 0.046875
9 0.51796875 0.15625 0.075 0.075