2 0.23203125 0.65859375 0.1375 0.221875
2 0.425 0.7890625 0.115625 0.1671875
2 0.3875 0.5703125 0.171875 0.1546875
2 0.5984375 0.7453125 0.128125 0.1671875
2 0.8921875 0.39375 0.1265625 0.1671875
2 0.26796875 0.1125 0.103125 0.1296875
2 0.36953125 0.0703125 0.0984375 0.140625
2 0.5890625 0.528125 0.125 0.196875
2 0.79140625 0.5265625 0.1078125 0.215625
2 0.4828125 0.83671875 0.1171875 0.2125
2 0.31171875 0.7078125 0.090625 0.128125
2 0.33671875 0.45703125 0.0890625 0.06875
2 0.93203125 0.2703125 0.121875 0.1453125
2 0.7359375 0.74375 0.121875 0.0890625