3 0.85390625 0.11171875 0.2921875 0.1359375
3 0.5078125 0.15 0.128125 0.1015625
9 0.75859375 0.3375 0.1890625 0.24375
9 0.33515625 0.4578125 0.2171875 0.1859375
9 0.45859375 0.3953125 0.2359375 0.2171875
9 0.6328125 0.38984375 0.178125 0.2625
3 0.38046875 0.62265625 0.30625 0.0828125
3 0.65546875 0.7046875 0.109375 0.071875
3 0.3859375 0.7 0.2265625 0.1265625
3 0.5953125 0.6484375 0.059375 0.071875
3 0.60859375 0.721875 0.071875 0.075
3 0.52890625 0.675 0.10625 0.0421875
3 0.63984375 0.57109375 0.090625 0.06875
3 0.77265625 0.71640625 0.1125 0.121875
3 0.77109375 0.06484375 0.18125 0.1296875
3 0.57890625 0.0578125 0.2609375 0.115625
3 0.66171875 0.79453125 0.1296875 0.0828125
3 0.4359375 0.13203125 0.1078125 0.1359375
3 0.2140625 0.2203125 0.178125 0.2046875
3 0.146875 0.41171875 0.075 0.128125
3 0.06640625 0.36875 0.0984375 0.0828125
3 0.203125 0.36875 0.06875 0.0734375
9 0.88359375 0.31875 0.2328125 0.29375