9 0.815625 0.4703125 0.26875 0.2703125
9 0.77578125 0.6390625 0.240625 0.24375
9 0.56328125 0.77421875 0.2125 0.2140625
9 0.67890625 0.7765625 0.1890625 0.1890625
9 0.15703125 0.5765625 0.2375 0.2390625
9 0.30390625 0.55234375 0.28125 0.2828125
9 0.4421875 0.38046875 0.2046875 0.2046875
9 0.371875 0.48515625 0.15 0.15
9 0.4953125 0.196875 0.440625 0.39375
9 0.125 0.3203125 0.240625 0.24375
9 0.6515625 0.5984375 0.190625 0.1921875
9 0.5359375 0.48828125 0.128125 0.128125
9 0.3859375 0.665625 0.1109375 0.1109375
9 0.27421875 0.6625 0.13125 0.13125