9 0.184375 0.53125 0.25625 0.2734375
9 0.25625 0.6890625 0.221875 0.2515625
9 0.490625 0.78125 0.196875 0.21875
9 0.3765625 0.80546875 0.18125 0.1890625
9 0.8515625 0.509375 0.21875 0.2484375
9 0.70234375 0.5140625 0.2625 0.290625
9 0.534375 0.37109375 0.1953125 0.2046875
9 0.6234375 0.4609375 0.146875 0.1453125
9 0.44140625 0.2046875 0.4015625 0.409375
9 0.834375 0.25234375 0.2234375 0.2515625
9 0.3703125 0.625 0.1734375 0.2015625
9 0.4625 0.4953125 0.121875 0.1265625
9 0.64375 0.640625 0.10625 0.109375
9 0.75234375 0.61640625 0.1265625 0.128125