0 0.83359375 0.36640625 0.265625 0.2015625
0 0.590625 0.27109375 0.2 0.2078125
0 0.3609375 0.3 0.2203125 0.1953125
0 0.66875 0.50234375 0.1578125 0.1171875
0 0.46015625 0.678125 0.1109375 0.0953125
0 0.28828125 0.75078125 0.0796875 0.075
3 0.55859375 0.88984375 0.1484375 0.1671875
3 0.73984375 0.93984375 0.1953125 0.071875
3 0.70546875 0.76953125 0.153125 0.140625
0 0.50390625 0.4734375 0.09375 0.1015625
0 0.16875 0.1078125 0.1515625 0.1546875
0 0.0609375 0.90625 0.121875 0.15625
0 0.18828125 0.70078125 0.121875 0.15625
0 0.7328125 0.86484375 0.171875 0.1296875