0 0.84453125 0.39609375 0.28125 0.2234375
0 0.61015625 0.2796875 0.2171875 0.2234375
0 0.37890625 0.28828125 0.234375 0.2125
0 0.66796875 0.51640625 0.1671875 0.1296875
0 0.44453125 0.67421875 0.11875 0.103125
0 0.2671875 0.73125 0.0859375 0.08125
3 0.52421875 0.89375 0.1609375 0.178125
3 0.7 0.95703125 0.2 0.0859375
3 0.68125 0.78671875 0.1640625 0.153125
0 0.50625 0.47421875 0.1015625 0.109375
0 0.20390625 0.08125 0.1640625 0.1625
0 0.046875 0.86640625 0.09375 0.1671875
0 0.171875 0.67265625 0.134375 0.1640625
0 0.7 0.88359375 0.18125 0.14375