0 0.15390625 0.4015625 0.284375 0.2265625
0 0.3859375 0.28203125 0.2203125 0.2265625
0 0.6171875 0.2859375 0.2375 0.215625
0 0.33203125 0.51953125 0.16875 0.1328125
0 0.55859375 0.6734375 0.11875 0.10625
0 0.73671875 0.72734375 0.0859375 0.0828125
3 0.4828125 0.89375 0.1640625 0.1796875
3 0.30703125 0.9578125 0.2015625 0.084375
3 0.3234375 0.78984375 0.165625 0.1546875
0 0.49296875 0.47421875 0.103125 0.1109375
0 0.7875 0.0796875 0.165625 0.159375
0 0.9546875 0.8578125 0.090625 0.16875
0 0.83125 0.6671875 0.1375 0.165625
0 0.30703125 0.88671875 0.1828125 0.1453125