1 0.3125 0.46953125 0.1734375 0.1796875
1 0.1296875 0.4375 0.259375 0.35625
1 0.684375 0.1890625 0.4140625 0.365625
1 0.559375 0.46484375 0.1921875 0.1640625
1 0.51875 0.3890625 0.1609375 0.159375
1 0.33046875 0.55625 0.178125 0.1578125
3 0.32734375 0.7484375 0.328125 0.321875
3 0.41015625 0.28515625 0.1234375 0.115625
3 0.296875 0.2953125 0.128125 0.1203125
3 0.4015625 0.2 0.10625 0.10625
1 0.2578125 0.23125 0.1015625 0.1015625
1 0.62421875 0.1078125 0.3453125 0.215625
1 0.703125 0.4953125 0.4171875 0.3375
3 0.56640625 0.65 0.090625 0.0828125
1 0.25 0.15390625 0.103125 0.0953125