3 0.17421875 0.80078125 0.0796875 0.0703125
3 0.17421875 0.89765625 0.0953125 0.05
3 0.365625 0.821875 0.084375 0.0296875
3 0.72421875 0.828125 0.065625 0.046875
3 0.675 0.8046875 0.0828125 0.0421875
3 0.4328125 0.446875 0.0953125 0.03125
3 0.5125 0.42265625 0.075 0.0328125
3 0.45859375 0.64375 0.046875 0.0421875
3 0.2578125 0.67109375 0.0875 0.034375
3 0.6703125 0.76640625 0.0828125 0.025
3 0.35703125 0.74765625 0.046875 0.034375
3 0.0671875 0.71640625 0.05 0.05625
3 0.0921875 0.79140625 0.065625 0.0390625
3 0.08828125 0.9046875 0.0578125 0.0421875
3 0.78125 0.896875 0.0453125 0.0578125
3 0.67890625 0.890625 0.065625 0.0546875
3 0.47734375 0.88515625 0.0546875 0.04375
3 0.7609375 0.59765625 0.0703125 0.0328125
3 0.72734375 0.69453125 0.071875 0.059375
3 0.6359375 0.68671875 0.078125 0.0328125
3 0.66640625 0.71875 0.065625 0.0546875
3 0.39296875 0.6796875 0.059375 0.0375
3 0.1328125 0.38671875 0.121875 0.046875
3 0.1328125 0.43203125 0.078125 0.040625
3 0.1578125 0.4984375 0.096875 0.040625
3 0.1328125 0.56640625 0.096875 0.0609375
3 0.2390625 0.609375 0.0703125 0.065625
3 0.29140625 0.56796875 0.090625 0.0359375
3 0.8640625 0.43828125 0.046875 0.0796875
3 0.690625 0.4171875 0.1171875 0.05625
3 0.65078125 0.39140625 0.10625 0.05
3 0.61796875 0.48671875 0.1125 0.0453125
3 0.75859375 0.484375 0.125 0.05625
3 0.59609375 0.55703125 0.0515625 0.04375
3 0.63828125 0.5828125 0.0421875 0.0484375
3 0.584375 0.6328125 0.0703125 0.0296875
3 0.52265625 0.65 0.05 0.0484375
3 0.5421875 0.6078125 0.059375 0.0375
3 0.4859375 0.52890625 0.0875 0.040625
3 0.4078125 0.54453125 0.0640625 0.04375
3 0.378125 0.5125 0.084375 0.034375
3 0.475 0.4984375 0.109375 0.0328125