3 0.92265625 0.8046875 0.0859375 0.0703125
3 0.92890625 0.90390625 0.1 0.05
3 0.728125 0.83671875 0.0890625 0.0296875
3 0.36171875 0.86171875 0.06875 0.046875
3 0.41015625 0.8359375 0.0875 0.0421875
3 0.63671875 0.4546875 0.0984375 0.0296875
3 0.55390625 0.434375 0.078125 0.03125
3 0.621875 0.65859375 0.0515625 0.0421875
3 0.8296875 0.67578125 0.090625 0.034375
3 0.41328125 0.79609375 0.0859375 0.0234375
3 0.7328125 0.76015625 0.05 0.034375
3 0.98515625 0.790625 0.0265625 0.040625
3 0.9921875 0.90625 0.0125 0.04375
3 0.30703125 0.93515625 0.05 0.059375
3 0.4109375 0.9234375 0.0703125 0.0546875
3 0.6171875 0.90703125 0.059375 0.0453125
3 0.309375 0.628125 0.0734375 0.03125
3 0.35 0.72578125 0.078125 0.059375
3 0.44375 0.7125 0.08125 0.03125
3 0.41328125 0.74765625 0.0703125 0.0546875
3 0.69140625 0.6921875 0.0625 0.0375
3 0.93671875 0.378125 0.1234375 0.046875
3 0.94296875 0.42421875 0.08125 0.0390625
3 0.92109375 0.49296875 0.1015625 0.040625
3 0.9484375 0.5625 0.1 0.0625
3 0.8453125 0.6125 0.075 0.065625
3 0.78984375 0.571875 0.09375 0.034375
3 0.19453125 0.4703125 0.053125 0.0796875
3 0.37109375 0.4390625 0.1234375 0.05625
3 0.4109375 0.41015625 0.1125 0.05
3 0.44921875 0.50703125 0.1171875 0.0453125
3 0.30546875 0.51171875 0.13125 0.05625
3 0.47734375 0.57734375 0.05625 0.0453125
3 0.43515625 0.60625 0.046875 0.0484375
3 0.4921875 0.65390625 0.0734375 0.0296875
3 0.55703125 0.66796875 0.053125 0.05
3 0.534375 0.6265625 0.0625 0.0375
3 0.58671875 0.54296875 0.090625 0.0390625
3 0.66796875 0.55390625 0.06875 0.0453125
3 0.696875 0.5203125 0.0890625 0.034375
3 0.596875 0.51015625 0.1140625 0.0328125