9 0.8140625 0.17890625 0.0265625 0.028125
9 0.8296875 0.096875 0.090625 0.04375
9 0.640625 0.16328125 0.0734375 0.021875
9 0.29375 0.146875 0.05 0.0421875
9 0.35078125 0.159375 0.078125 0.021875
9 0.56875 0.5265625 0.0578125 0.025
9 0.50859375 0.54609375 0.059375 0.028125
9 0.559375 0.33515625 0.040625 0.0390625
9 0.746875 0.31328125 0.08125 0.0296875
9 0.34921875 0.209375 0.0796875 0.021875
9 0.653125 0.2359375 0.0453125 0.03125
9 0.9328125 0.2703125 0.034375 0.034375
9 0.9078125 0.20234375 0.0625 0.0359375
9 0.9125 0.09375 0.0546875 0.0375
9 0.24296875 0.078125 0.0421875 0.0546875
9 0.340625 0.0875 0.0625 0.05
9 0.53671875 0.10078125 0.0515625 0.040625
9 0.2609375 0.36875 0.0515625 0.028125
9 0.28828125 0.26875 0.0609375 0.034375
9 0.38046875 0.28203125 0.078125 0.0234375
9 0.353125 0.253125 0.0640625 0.0515625
9 0.61171875 0.29765625 0.0578125 0.0328125
9 0.8640625 0.59296875 0.10625 0.0390625
9 0.86953125 0.54921875 0.075 0.0390625
9 0.8515625 0.484375 0.08125 0.03125
9 0.8765625 0.41875 0.08125 0.0453125
9 0.77578125 0.36875 0.065625 0.046875
9 0.715625 0.41171875 0.0859375 0.03125
9 0.159375 0.51015625 0.0375 0.0546875
9 0.32265625 0.540625 0.0953125 0.0421875
9 0.36953125 0.56875 0.08125 0.028125
9 0.39609375 0.48046875 0.0984375 0.040625
9 0.253125 0.4765625 0.1015625 0.0421875
9 0.421875 0.40625 0.0359375 0.040625
9 0.38046875 0.3859375 0.040625 0.046875
9 0.43125 0.3375 0.0625 0.0234375
9 0.4890625 0.325 0.040625 0.046875
9 0.4671875 0.3640625 0.0515625 0.025
9 0.515625 0.43984375 0.0984375 0.0265625
9 0.59921875 0.4328125 0.0515625 0.034375
9 0.628125 0.4609375 0.075 0.0296875
9 0.53828125 0.47421875 0.1078125 0.028125
9 0.4484375 0.24921875 0.065625 0.040625
9 0.85234375 0.2515625 0.0484375 0.0328125
9 0.44140625 0.19296875 0.0625 0.03125
9 0.95078125 0.49140625 0.0578125 0.021875
9 0.871875 0.4546875 0.0484375 0.01875
9 0.9390625 0.21953125 0.040625 0.0375
9 0.578125 0.06484375 0.04375 0.0421875
9 0.24921875 0.43203125 0.071875 0.0203125