3 0.8125 0.18203125 0.0859375 0.0703125
3 0.81796875 0.08203125 0.1 0.05
3 0.61640625 0.15546875 0.0890625 0.0296875
3 0.24765625 0.140625 0.06875 0.046875
3 0.29609375 0.165625 0.0875 0.0421875
3 0.52421875 0.54140625 0.1 0.0296875
3 0.44140625 0.5640625 0.078125 0.03125
3 0.509375 0.3375 0.0515625 0.0421875
3 0.71875 0.31328125 0.0921875 0.034375
3 0.29921875 0.2046875 0.0859375 0.025
3 0.6203125 0.2328125 0.05 0.034375
3 0.9171875 0.27109375 0.0546875 0.05625
3 0.89609375 0.19296875 0.06875 0.0390625
3 0.90625 0.0765625 0.0609375 0.0421875
3 0.19375 0.06796875 0.05 0.059375
3 0.29765625 0.0765625 0.0703125 0.0546875
3 0.5046875 0.0875 0.059375 0.04375
3 0.19609375 0.37734375 0.0734375 0.03125
3 0.2359375 0.27734375 0.078125 0.059375
3 0.33046875 0.28828125 0.08125 0.03125
3 0.30078125 0.25390625 0.0703125 0.0546875
3 0.5796875 0.30078125 0.0640625 0.0359375
3 0.8296875 0.609375 0.128125 0.0453125
3 0.83203125 0.56328125 0.08125 0.0390625
3 0.81015625 0.49375 0.1015625 0.0390625
3 0.840625 0.42421875 0.103125 0.059375
3 0.73359375 0.37734375 0.075 0.065625
3 0.67734375 0.41875 0.09375 0.034375
3 0.08046875 0.53828125 0.053125 0.0796875
3 0.25859375 0.56484375 0.1234375 0.0546875
3 0.29765625 0.5921875 0.1125 0.05
3 0.33671875 0.49453125 0.11875 0.0453125
3 0.19140625 0.49375 0.13125 0.0546875
3 0.36328125 0.421875 0.05625 0.04375
3 0.32109375 0.39453125 0.046875 0.0484375
3 0.3796875 0.3453125 0.0734375 0.0296875
3 0.44453125 0.32890625 0.0546875 0.0484375
3 0.421875 0.37109375 0.0640625 0.0359375
3 0.475 0.4546875 0.0921875 0.0390625
3 0.55625 0.440625 0.06875 0.04375
3 0.584375 0.4734375 0.0890625 0.034375
3 0.48359375 0.4859375 0.1140625 0.03125