9 0.8546875 0.49453125 0.0875 0.0890625
9 0.68359375 0.4765625 0.0828125 0.075
9 0.6203125 0.46640625 0.0359375 0.090625
9 0.25546875 0.4984375 0.0421875 0.1140625
9 0.3296875 0.5 0.059375 0.0859375
9 0.41875 0.5359375 0.0703125 0.0703125
9 0.471875 0.4109375 0.0515625 0.096875
9 0.5421875 0.475 0.0640625 0.0640625
9 0.278125 0.3109375 0.115625 0.18125
9 0.2890625 0.12109375 0.259375 0.2390625
9 0.32578125 0.76640625 0.1015625 0.125
9 0.13203125 0.68671875 0.2625 0.2359375
9 0.66328125 0.20859375 0.29375 0.2
9 0.72578125 0.3609375 0.1796875 0.1703125
9 0.84609375 0.71171875 0.1484375 0.2390625
9 0.74296875 0.69140625 0.109375 0.28125
9 0.42578125 0.78515625 0.1828125 0.33125
9 0.5703125 0.659375 0.1421875 0.2609375
9 0.80234375 0.60234375 0.0578125 0.1109375
9 0.76171875 0.47734375 0.065625 0.0703125
9 0.4828125 0.70390625 0.15 0.2046875
9 0.209375 0.37734375 0.065625 0.1265625
9 0.4578125 0.1484375 0.0515625 0.06875
9 0.42734375 0.0625 0.1 0.0953125
9 0.51875 0.1609375 0.0703125 0.115625
9 0.634375 0.096875 0.2125 0.1921875
9 0.640625 0.58046875 0.0515625 0.121875