9 0.47890625 0.49375 0.0921875 0.1796875
9 0.51015625 0.66640625 0.1 0.1140625
9 0.89140625 0.55 0.075 0.0859375
9 0.815625 0.65703125 0.15 0.1671875
9 0.38984375 0.6546875 0.0828125 0.0875
9 0.39296875 0.18046875 0.0953125 0.2171875
9 0.29765625 0.09609375 0.1015625 0.1921875
9 0.19609375 0.13671875 0.0921875 0.1984375
9 0.08125 0.23359375 0.10625 0.1359375
9 0.15 0.34765625 0.128125 0.184375
9 0.253125 0.41328125 0.0953125 0.1453125
9 0.2578125 0.5796875 0.0921875 0.1875
9 0.35078125 0.3953125 0.0734375 0.11875
9 0.43046875 0.378125 0.1 0.25
9 0.59765625 0.1703125 0.0921875 0.1875
9 0.69765625 0.13125 0.109375 0.2046875
9 0.828125 0.4796875 0.084375 0.1203125
9 0.68984375 0.46953125 0.121875 0.184375
9 0.61640625 0.459375 0.0953125 0.1671875
9 0.60625 0.32890625 0.0671875 0.1671875
9 0.5609375 0.38515625 0.0828125 0.190625
9 0.56484375 0.54140625 0.1 0.1796875