9 0.4796875 0.490625 0.1109375 0.1828125
9 0.48984375 0.66640625 0.109375 0.1203125
9 0.8828125 0.59765625 0.0828125 0.0921875
9 0.79375 0.69375 0.165625 0.1796875
9 0.371875 0.640625 0.090625 0.09375
9 0.4328125 0.16953125 0.11875 0.21875
9 0.35078125 0.0859375 0.1234375 0.171875
9 0.2421875 0.10234375 0.1140625 0.2
9 0.11640625 0.184375 0.11875 0.14375
9 0.17109375 0.30546875 0.1453125 0.1921875
9 0.265625 0.384375 0.109375 0.15
9 0.25 0.54921875 0.1109375 0.190625
9 0.3640625 0.378125 0.0859375 0.1234375
9 0.44609375 0.37109375 0.128125 0.2515625
9 0.63671875 0.18515625 0.1125 0.190625
9 0.74140625 0.1578125 0.13125 0.209375
9 0.828125 0.5203125 0.0953125 0.1265625
9 0.6921875 0.4921875 0.140625 0.1921875
9 0.6203125 0.4734375 0.1125 0.171875
9 0.6265625 0.34296875 0.0859375 0.1671875
9 0.57421875 0.39375 0.103125 0.1921875
9 0.559375 0.5484375 0.11875 0.184375