9 0.515625 0.484375 0.1546875 0.178125
9 0.56640625 0.65234375 0.128125 0.13125
9 0.17421875 0.72265625 0.096875 0.1
9 0.28984375 0.7828125 0.1921875 0.196875
9 0.66875 0.58828125 0.103125 0.1046875
9 0.45 0.16640625 0.1734375 0.20625
9 0.4921875 0.07109375 0.175 0.1421875
9 0.60625 0.0671875 0.1625 0.134375
9 0.7515625 0.07421875 0.14375 0.1484375
9 0.7421875 0.2046875 0.1828125 0.1984375
9 0.68046875 0.3109375 0.140625 0.153125
9 0.7515625 0.4609375 0.1578125 0.184375
9 0.5859375 0.3390625 0.1125 0.1234375
9 0.50625 0.36015625 0.19375 0.234375
9 0.2640625 0.25078125 0.1578125 0.1828125
9 0.15625 0.2609375 0.1796875 0.2046875
9 0.1984375 0.63125 0.1203125 0.1296875
9 0.31640625 0.55859375 0.1796875 0.1953125
9 0.37734375 0.51640625 0.15 0.1703125
9 0.32734375 0.3953125 0.1296875 0.15625
9 0.39375 0.42578125 0.153125 0.18125
9 0.4609375 0.565625 0.1609375 0.18125