1 0.54140625 0.253125 0.084375 0.1375
1 0.6984375 0.32265625 0.1640625 0.2078125
1 0.74140625 0.81484375 0.16875 0.2453125
1 0.61796875 0.5453125 0.2015625 0.45
1 0.40390625 0.48125 0.30625 0.459375
1 0.29609375 0.38046875 0.30625 0.246875
1 0.20703125 0.646875 0.1484375 0.29375
1 0.5796875 0.82421875 0.175 0.2984375
1 0.5125 0.8171875 0.26875 0.1984375
1 0.25234375 0.77734375 0.1171875 0.2390625
1 0.2984375 0.90234375 0.109375 0.1609375
1 0.0625 0.54453125 0.10625 0.1984375
1 0.9609375 0.278125 0.078125 0.321875
1 0.61796875 0.06015625 0.0921875 0.1078125
1 0.53203125 0.5609375 0.1 0.1203125
1 0.01796875 0.859375 0.0359375 0.16875