1 0.575 0.26171875 0.1015625 0.14375
1 0.72109375 0.35234375 0.1875 0.221875
1 0.6953125 0.8453125 0.196875 0.259375
1 0.6109375 0.5609375 0.25625 0.459375
1 0.4078125 0.46796875 0.359375 0.484375
1 0.31484375 0.353125 0.328125 0.28125
1 0.18984375 0.6046875 0.184375 0.3015625
1 0.534375 0.83203125 0.2109375 0.3109375
1 0.46796875 0.815625 0.284375 0.228125
1 0.21640625 0.740625 0.146875 0.2453125
1 0.24453125 0.87109375 0.128125 0.1703125
1 0.0625 0.48359375 0.125 0.2046875
1 0.9640625 0.34765625 0.071875 0.3265625
1 0.678125 0.08125 0.103125 0.115625
1 0.5234375 0.5640625 0.1125 0.1296875