1 0.36171875 0.29140625 0.1265625 0.146875
1 0.246875 0.41875 0.2203125 0.2375
1 0.40625 0.875 0.240625 0.25
1 0.4109375 0.5890625 0.3515625 0.45
1 0.58046875 0.44375 0.4421875 0.5015625
1 0.6375 0.3078125 0.353125 0.3296875
1 0.82734375 0.51484375 0.24375 0.3
1 0.55859375 0.828125 0.2671875 0.315625
1 0.61796875 0.79453125 0.3015625 0.2734375
1 0.8390625 0.653125 0.1953125 0.24375
1 0.84765625 0.7859375 0.1578125 0.178125
1 0.91640625 0.3625 0.1671875 0.20625
1 0.0421875 0.4953125 0.084375 0.315625
1 0.21328125 0.14609375 0.1203125 0.1265625
1 0.4953125 0.56796875 0.13125 0.1390625