1 0.6875 0.08203125 0.246875 0.1640625
1 0.84140625 0.34921875 0.3171875 0.5046875
1 0.28984375 0.615625 0.109375 0.0859375
1 0.42734375 0.4109375 0.15 0.259375
1 0.4546875 0.76484375 0.175 0.2484375
1 0.53828125 0.6953125 0.2171875 0.375
1 0.63671875 0.440625 0.259375 0.571875
1 0.35 0.75625 0.0875 0.121875
1 0.3296875 0.8765625 0.1 0.2046875
1 0.51640625 0.49765625 0.1125 0.103125
1 0.3390625 0.3109375 0.1421875 0.1640625
1 0.446875 0.2453125 0.1375 0.115625
1 0.43984375 0.09296875 0.1203125 0.1859375
1 0.2625 0.43359375 0.190625 0.1328125
3 0.1328125 0.375 0.08125 0.1328125
3 0.10390625 0.5109375 0.0953125 0.1671875
3 0.12734375 0.553125 0.0578125 0.053125
3 0.18125 0.584375 0.0484375 0.0765625
3 0.0953125 0.63828125 0.084375 0.10625
3 0.13203125 0.77734375 0.1078125 0.1453125
1 0.22890625 0.65703125 0.1484375 0.13125
1 0.27734375 0.9203125 0.1234375 0.159375
1 0.2421875 0.83203125 0.0765625 0.0875
1 0.3921875 0.5921875 0.059375 0.1203125
3 0.25625 0.15859375 0.084375 0.0890625
3 0.1890625 0.27421875 0.059375 0.0546875
3 0.25703125 0.3609375 0.0765625 0.1015625
3 0.1765625 0.3984375 0.0375 0.0515625
3 0.21953125 0.37734375 0.04375 0.0390625
1 0.7984375 0.05234375 0.10625 0.084375
1 0.60859375 0.021875 0.1421875 0.04375