1 0.85078125 0.80859375 0.2796875 0.240625
1 0.82734375 0.490625 0.3453125 0.55625
1 0.26015625 0.484375 0.125 0.1109375
1 0.471875 0.6109375 0.2140625 0.28125
1 0.34765625 0.27890625 0.234375 0.2796875
1 0.4515625 0.30703125 0.309375 0.4078125
1 0.64921875 0.49609375 0.40625 0.6
1 0.25625 0.33125 0.115625 0.1375
1 0.18671875 0.23046875 0.1515625 0.215625
1 0.515625 0.4953125 0.1328125 0.128125
1 0.43359375 0.73984375 0.178125 0.1921875
1 0.559375 0.753125 0.159375 0.1453125
1 0.61875 0.89375 0.165625 0.20625
1 0.31328125 0.66015625 0.2140625 0.178125
3 0.21953125 0.76796875 0.1140625 0.1453125
3 0.1359375 0.65703125 0.1359375 0.18125
3 0.1390625 0.609375 0.06875 0.065625
3 0.175 0.55859375 0.0671875 0.084375
3 0.075 0.54609375 0.109375 0.121875
3 0.06015625 0.4046875 0.1203125 0.165625
1 0.18828125 0.47265625 0.175 0.1640625
1 0.11640625 0.20390625 0.165625 0.2
1 0.12578125 0.3078125 0.0953125 0.1015625
1 0.36328125 0.46171875 0.0890625 0.1265625
3 0.4234375 0.9125 0.103125 0.10625
3 0.31328125 0.8359375 0.0703125 0.06875
3 0.33828125 0.72890625 0.1 0.115625
3 0.25 0.72890625 0.05 0.059375
3 0.29765625 0.7296875 0.0515625 0.0484375
1 0.94921875 0.7796875 0.1015625 0.109375
1 0.803125 0.89296875 0.146875 0.0953125