1 0.55859375 0.0859375 0.2890625 0.171875
1 0.28125 0.2375 0.515625 0.475
1 0.62109375 0.7078125 0.1296875 0.125
1 0.6078125 0.4609375 0.253125 0.28125
1 0.40234375 0.75 0.2671875 0.2859375
1 0.36640625 0.64765625 0.365625 0.4078125
1 0.41328125 0.378125 0.5015625 0.584375
1 0.49609375 0.796875 0.13125 0.140625
1 0.4515625 0.90234375 0.184375 0.1953125
1 0.4875 0.4890625 0.1421875 0.1390625
1 0.7359375 0.42109375 0.196875 0.2015625
1 0.6765625 0.30859375 0.1671875 0.1609375
1 0.76015625 0.18125 0.190625 0.209375
1 0.7375 0.565625 0.21875 0.203125
3 0.87890625 0.58203125 0.1328125 0.146875
3 0.83359375 0.7140625 0.1609375 0.1796875
3 0.7921875 0.73828125 0.0734375 0.071875
3 0.73046875 0.73671875 0.078125 0.0859375
3 0.77578125 0.8265625 0.121875 0.128125
3 0.67265625 0.92109375 0.1609375 0.1578125
1 0.6515625 0.77421875 0.184375 0.18125
1 0.46796875 0.940625 0.1890625 0.11875
1 0.55 0.9171875 0.1046875 0.1078125
1 0.5453125 0.634375 0.1078125 0.125
3 0.88515625 0.3328125 0.1125 0.1140625
3 0.8828125 0.46640625 0.075 0.075
3 0.7796875 0.50625 0.1125 0.11875
3 0.8296875 0.57890625 0.05625 0.0609375
3 0.80390625 0.5390625 0.053125 0.053125
1 0.65546875 0.04375 0.1421875 0.0875