3 0.4921875 0.64609375 0.1625 0.1453125
3 0.4359375 0.54765625 0.0484375 0.090625
3 0.9203125 0.92109375 0.0421875 0.0734375
3 0.9015625 0.80625 0.05 0.0984375
3 0.865625 0.825 0.0421875 0.06875
3 0.6140625 0.4578125 0.0625 0.0625
3 0.62734375 0.565625 0.075 0.1125
3 0.34609375 0.6453125 0.090625 0.0828125
3 0.096875 0.5359375 0.1390625 0.11875
3 0.19375 0.56484375 0.0625 0.0984375
3 0.38671875 0.3375 0.0578125 0.1265625
3 0.3578125 0.52890625 0.078125 0.13125
3 0.29296875 0.55859375 0.0546875 0.0953125
3 0.78828125 0.6609375 0.053125 0.0875
3 0.72578125 0.684375 0.078125 0.1265625
3 0.84296875 0.728125 0.04375 0.0953125
3 0.79296875 0.8296875 0.046875 0.0953125
3 0.7765625 0.46875 0.0703125 0.06875
3 0.46015625 0.3921875 0.078125 0.1734375
3 0.25078125 0.3796875 0.0609375 0.1671875
3 0.4953125 0.78671875 0.1484375 0.109375
3 0.35703125 0.9 0.1234375 0.14375
3 0.5703125 0.67734375 0.05625 0.090625
3 0.63671875 0.66171875 0.0734375 0.096875
3 0.80859375 0.5875 0.06875 0.096875
3 0.7671875 0.3609375 0.075 0.109375
3 0.728125 0.296875 0.0828125 0.1359375
3 0.940625 0.5078125 0.115625 0.2125
3 0.965625 0.73828125 0.065625 0.1921875
3 0.69453125 0.9109375 0.178125 0.121875
3 0.64453125 0.80078125 0.1609375 0.1671875
3 0.621875 0.77421875 0.0765625 0.1140625