3 0.46640625 0.66640625 0.1546875 0.1390625
3 0.415625 0.565625 0.04375 0.0875
3 0.8765625 0.9640625 0.040625 0.06875
3 0.86328125 0.85 0.04375 0.0953125
3 0.8265625 0.86640625 0.0390625 0.065625
3 0.59609375 0.48828125 0.059375 0.059375
3 0.603125 0.5953125 0.06875 0.1078125
3 0.321875 0.65703125 0.0859375 0.0796875
3 0.0765625 0.53359375 0.1421875 0.115625
3 0.175 0.56796875 0.05625 0.096875
3 0.3765625 0.3546875 0.0515625 0.1234375
3 0.33828125 0.5421875 0.071875 0.128125
3 0.27421875 0.56796875 0.0484375 0.09375
3 0.7578125 0.7 0.0484375 0.0859375
3 0.6953125 0.71875 0.071875 0.1234375
3 0.809375 0.7703125 0.0390625 0.09375
3 0.7546875 0.8671875 0.0421875 0.09375
3 0.75546875 0.509375 0.065625 0.0671875
3 0.44609375 0.4140625 0.06875 0.16875
3 0.23984375 0.38828125 0.053125 0.1640625
3 0.46328125 0.80546875 0.1421875 0.1046875
3 0.32109375 0.9078125 0.115625 0.1390625
3 0.54140625 0.70234375 0.0515625 0.0890625
3 0.60859375 0.69140625 0.06875 0.09375
3 0.78203125 0.628125 0.0640625 0.09375
3 0.75078125 0.40234375 0.06875 0.10625
3 0.71484375 0.33671875 0.0765625 0.1328125
3 0.92421875 0.559375 0.1203125 0.2046875
3 0.94921875 0.78828125 0.0984375 0.1859375
3 0.65390625 0.940625 0.1734375 0.115625
3 0.609375 0.82890625 0.153125 0.1609375
3 0.5890625 0.8015625 0.071875 0.1109375