3 0.4796875 0.68671875 0.1640625 0.146875
3 0.42578125 0.58046875 0.0484375 0.09375
3 0.9125 0.98046875 0.04375 0.0359375
3 0.89765625 0.88125 0.0484375 0.1
3 0.86015625 0.8984375 0.0421875 0.0703125
3 0.61328125 0.5015625 0.0625 0.0625
3 0.62265625 0.61328125 0.0734375 0.1140625
3 0.3296875 0.67578125 0.090625 0.0828125
3 0.078125 0.5453125 0.134375 0.1203125
3 0.175 0.58203125 0.0609375 0.1
3 0.3828125 0.3609375 0.05625 0.128125
3 0.34453125 0.55625 0.0765625 0.134375
3 0.278125 0.5828125 0.053125 0.0984375
3 0.78515625 0.7234375 0.0515625 0.090625
3 0.7203125 0.74375 0.0765625 0.1296875
3 0.83984375 0.79765625 0.0421875 0.0984375
3 0.784375 0.8984375 0.0453125 0.0984375
3 0.78046875 0.52421875 0.0703125 0.0703125
3 0.45625 0.421875 0.0734375 0.178125
3 0.240625 0.39453125 0.05625 0.171875
3 0.478125 0.83203125 0.15 0.1109375
3 0.33046875 0.93203125 0.1265625 0.1328125
3 0.559375 0.72421875 0.05625 0.09375
3 0.6296875 0.71328125 0.0734375 0.0984375
3 0.809375 0.64921875 0.06875 0.0984375
3 0.775 0.41171875 0.0734375 0.1109375
3 0.73671875 0.34375 0.08125 0.1390625
3 0.94453125 0.578125 0.1078125 0.21875
3 0.96640625 0.81640625 0.0640625 0.1953125
3 0.6796875 0.95625 0.18125 0.084375
3 0.63203125 0.85703125 0.1609375 0.16875
3 0.609375 0.82890625 0.0765625 0.1171875