9 0.39140625 0.4046875 0.1296875 0.0828125
9 0.13046875 0.1546875 0.1125 0.09375
9 0.51015625 0.27734375 0.1734375 0.0953125
9 0.6015625 0.8234375 0.1015625 0.1171875
9 0.60078125 0.47109375 0.0859375 0.090625
9 0.6296875 0.1546875 0.1921875 0.1671875
9 0.72421875 0.31015625 0.2453125 0.1296875
9 0.72734375 0.52578125 0.21875 0.09375
9 0.496875 0.65546875 0.09375 0.0875
9 0.49609375 0.759375 0.2640625 0.11875
9 0.2484375 0.80078125 0.19375 0.121875
9 0.69453125 0.7375 0.09375 0.1140625
9 0.9125 0.625 0.15 0.10625
9 0.8125 0.74140625 0.1171875 0.1390625
9 0.753125 0.575 0.1359375 0.125
9 0.38046875 0.87421875 0.1125 0.084375
9 0.90703125 0.42421875 0.1859375 0.1546875
9 0.0734375 0.5890625 0.146875 0.165625
9 0.61015625 0.584375 0.175 0.1109375
9 0.46328125 0.6 0.15625 0.0921875
9 0.78984375 0.38359375 0.1390625 0.0875
9 0.12578125 0.496875 0.1625 0.1203125
9 0.17109375 0.86328125 0.140625 0.1