9 0.46015625 0.3609375 0.1359375 0.1296875
9 0.37734375 0.03671875 0.1296875 0.0734375
9 0.6296875 0.31875 0.171875 0.1625
9 0.40859375 0.8265625 0.1359375 0.1375
9 0.60078125 0.53046875 0.109375 0.1109375
9 0.796875 0.28125 0.2265625 0.2234375
9 0.79140625 0.4625 0.240625 0.228125
9 0.6765625 0.6453125 0.2015625 0.1875
9 0.4125 0.62890625 0.1140625 0.1125
9 0.3546875 0.715625 0.2484375 0.23125
9 0.12578125 0.615625 0.2015625 0.1921875
9 0.534375 0.8046875 0.128125 0.13125
9 0.778125 0.8296875 0.1625 0.1578125
9 0.63046875 0.87265625 0.159375 0.1609375
9 0.67109375 0.70078125 0.1640625 0.1625
9 0.1953125 0.74921875 0.125 0.121875
9 0.88828125 0.66484375 0.2234375 0.2234375
9 0.09375 0.33515625 0.1875 0.2109375
9 0.546875 0.63046875 0.1828125 0.175
9 0.41484375 0.56328125 0.1578125 0.1515625
9 0.80625 0.56015625 0.1453125 0.1390625
9 0.1875 0.29375 0.178125 0.1734375
9 0.05078125 0.625 0.1015625 0.146875