9 0.77734375 0.178125 0.0625 0.1046875
9 0.8375 0.2515625 0.0609375 0.0703125
3 0.68515625 0.7046875 0.1390625 0.13125
8 0.87578125 0.73359375 0.196875 0.1671875
9 0.9140625 0.56328125 0.08125 0.0765625
9 0.88515625 0.4546875 0.0625 0.0703125
9 0.91484375 0.515625 0.046875 0.0546875
9 0.64375 0.51171875 0.0953125 0.103125
9 0.4015625 0.07421875 0.075 0.1375
9 0.515625 0.5078125 0.078125 0.0703125
9 0.90390625 0.36171875 0.0734375 0.090625
9 0.75234375 0.53515625 0.05625 0.084375
9 0.55703125 0.68515625 0.0578125 0.1
9 0.43125 0.36171875 0.1 0.0796875
9 0.42421875 0.30234375 0.0671875 0.0546875
9 0.37890625 0.19375 0.125 0.090625
9 0.57421875 0.26640625 0.0703125 0.0703125
9 0.62109375 0.30625 0.0640625 0.071875
9 0.553125 0.34296875 0.1046875 0.0984375
9 0.75546875 0.25625 0.034375 0.0546875
9 0.76875 0.3265625 0.0484375 0.0515625
9 0.540625 0.85703125 0.0609375 0.0921875
9 0.475 0.896875 0.071875 0.0640625
9 0.48046875 0.14765625 0.096875 0.103125
3 0.2421875 0.66171875 0.16875 0.278125
3 0.33046875 0.728125 0.1578125 0.153125