9 0.4203125 0.9171875 0.1015625 0.1140625
9 0.33203125 0.88359375 0.0828125 0.0859375
3 0.2375 0.41484375 0.175 0.1734375
8 0.08828125 0.48515625 0.1765625 0.2296875
9 0.109375 0.65234375 0.1015625 0.1
9 0.1890625 0.73203125 0.084375 0.0859375
9 0.1328125 0.69375 0.0640625 0.065625
9 0.36953125 0.56171875 0.1265625 0.128125
9 0.7984375 0.81953125 0.128125 0.1453125
9 0.4828125 0.50078125 0.096875 0.0953125
9 0.21953125 0.82109375 0.103125 0.1078125
9 0.2640625 0.59609375 0.0859375 0.09375
9 0.35859375 0.36875 0.0953125 0.1078125
9 0.62890625 0.58515625 0.11875 0.1125
9 0.66484375 0.63359375 0.0796875 0.0765625
9 0.7578125 0.7046875 0.1421875 0.1328125
9 0.55234375 0.73984375 0.090625 0.090625
9 0.4921875 0.72890625 0.0859375 0.0875
9 0.5328125 0.6625 0.13125 0.1296875
9 0.40078125 0.83828125 0.053125 0.059375
9 0.35390625 0.784375 0.0640625 0.0640625
9 0.2859375 0.2109375 0.09375 0.103125
9 0.3234375 0.14375 0.0875 0.0859375
9 0.69296875 0.79453125 0.128125 0.1296875
3 0.64296875 0.23125 0.271875 0.3015625
3 0.5328125 0.2171875 0.2 0.2