9 0.878125 0.69375 0.08125 0.1109375
9 0.90625 0.60390625 0.071875 0.0796875
3 0.59453125 0.240625 0.159375 0.153125
8 0.7609375 0.1421875 0.2203125 0.2
9 0.86015625 0.2859375 0.0921875 0.0890625
9 0.87421875 0.39765625 0.0734375 0.078125
9 0.87890625 0.33046875 0.05625 0.0609375
9 0.62890625 0.43515625 0.1109375 0.1171875
9 0.5671875 0.9296875 0.1 0.140625
9 0.51171875 0.48671875 0.0890625 0.0828125
9 0.92578125 0.4765625 0.0875 0.1015625
9 0.72109375 0.37265625 0.0703125 0.090625
9 0.48359375 0.30703125 0.0765625 0.10625
9 0.48828125 0.65390625 0.1109375 0.0953125
9 0.50390625 0.7125 0.075 0.065625
9 0.50234375 0.82890625 0.1359375 0.1109375
9 0.65703125 0.6890625 0.08125 0.08125
9 0.68515625 0.634375 0.075 0.0796875
9 0.6078125 0.62578125 0.11875 0.115625
9 0.828125 0.6296875 0.04375 0.0578125
9 0.8140625 0.56015625 0.05625 0.059375
9 0.40390625 0.15390625 0.0765625 0.1
9 0.328125 0.14140625 0.08125 0.075
9 0.61328125 0.83359375 0.1125 0.1171875
3 0.2 0.446875 0.2171875 0.296875
3 0.25703125 0.35234375 0.18125 0.178125