9 0.56875 0.8046875 0.1421875 0.1421875
9 0.4453125 0.82265625 0.2171875 0.228125
9 0.6546875 0.58984375 0.275 0.2671875
9 0.5296875 0.2046875 0.1984375 0.2125
9 0.3890625 0.2765625 0.1234375 0.11875
9 0.5453125 0.38515625 0.1546875 0.14375
9 0.74375 0.28984375 0.1578125 0.1546875
9 0.70625 0.165625 0.1859375 0.1921875
9 0.90703125 0.6046875 0.1859375 0.2
9 0.65078125 0.0796875 0.1640625 0.159375
9 0.61015625 0.70546875 0.1609375 0.15625
9 0.8359375 0.7765625 0.1828125 0.1828125
9 0.3421875 0.32265625 0.134375 0.1203125
9 0.51875 0.50625 0.1484375 0.153125
9 0.43828125 0.67578125 0.1296875 0.1265625
9 0.3890625 0.759375 0.1609375 0.159375
9 0.221875 0.496875 0.134375 0.1390625
9 0.27890625 0.6859375 0.1234375 0.1265625
9 0.46953125 0.5953125 0.1296875 0.13125
9 0.40703125 0.55 0.103125 0.109375
9 0.81484375 0.37734375 0.0953125 0.1046875