3 0.375 0.23203125 0.0828125 0.171875
3 0.56953125 0.5015625 0.09375 0.1390625
3 0.1234375 0.134375 0.1109375 0.2625
3 0.08828125 0.2671875 0.1375 0.0890625
3 0.16328125 0.4234375 0.121875 0.0734375
3 0.7796875 0.53125 0.134375 0.209375
3 0.925 0.1515625 0.1484375 0.2890625
3 0.796875 0.31875 0.0640625 0.084375
3 0.7609375 0.18515625 0.09375 0.2203125
3 0.69140625 0.3359375 0.084375 0.0890625
3 0.64296875 0.3671875 0.1125 0.1109375
3 0.553125 0.14609375 0.115625 0.28125
3 0.25 0.20390625 0.109375 0.2875