3 0.61484375 0.26875 0.0890625 0.1765625
3 0.4125 0.53203125 0.0984375 0.1453125
3 0.871875 0.1796875 0.11875 0.278125
3 0.9046875 0.31953125 0.140625 0.0953125
3 0.82421875 0.47421875 0.125 0.0796875
3 0.2 0.55 0.1421875 0.2171875
3 0.0703125 0.15390625 0.140625 0.3078125
3 0.18671875 0.334375 0.0671875 0.0875
3 0.2265625 0.20078125 0.1015625 0.2265625
3 0.29296875 0.35703125 0.0875 0.09375
3 0.34140625 0.39140625 0.1171875 0.1171875
3 0.4375 0.16796875 0.125 0.2953125
3 0.74296875 0.246875 0.1171875 0.2953125