3 0.4 0.24453125 0.0796875 0.16875
3 0.5875 0.509375 0.090625 0.1359375
3 0.15390625 0.140625 0.10625 0.275
3 0.11796875 0.27890625 0.134375 0.0875
3 0.190625 0.4328125 0.11875 0.071875
3 0.79296875 0.53828125 0.1296875 0.20625
3 0.93359375 0.16171875 0.1296875 0.2953125
3 0.8125 0.33046875 0.0625 0.0828125
3 0.778125 0.19921875 0.090625 0.215625
3 0.709375 0.346875 0.0828125 0.0875
3 0.6609375 0.37734375 0.109375 0.109375
3 0.5765625 0.153125 0.1078125 0.290625
3 0.27734375 0.2171875 0.103125 0.2828125