9 0.41640625 0.23046875 0.08125 0.1703125
9 0.57421875 0.50390625 0.1015625 0.1421875
9 0.19765625 0.12265625 0.1265625 0.2453125
9 0.146875 0.2375 0.1375 0.0984375
9 0.209375 0.3921875 0.1015625 0.0796875
9 0.7921875 0.55 0.1375 0.2125
9 0.9359375 0.1953125 0.128125 0.29375
9 0.81171875 0.35390625 0.0703125 0.0859375
9 0.796875 0.22265625 0.109375 0.2171875
9 0.709375 0.35859375 0.0859375 0.090625
9 0.659375 0.38359375 0.1171875 0.115625
9 0.60234375 0.14921875 0.1328125 0.290625
9 0.30625 0.2015625 0.1265625 0.265625
9 0.13125 0.56171875 0.1578125 0.2859375
9 0.69296875 0.81640625 0.0609375 0.1