9 0.475 0.21875 0.1125 0.1765625
9 0.571875 0.51953125 0.125 0.1546875
9 0.2859375 0.096875 0.178125 0.19375
9 0.20859375 0.16953125 0.1484375 0.1203125
9 0.23828125 0.334375 0.1109375 0.0953125
9 0.77578125 0.61015625 0.1734375 0.228125
9 0.95 0.296875 0.1 0.309375
9 0.83515625 0.421875 0.0828125 0.0953125
9 0.8484375 0.290625 0.1484375 0.225
9 0.734375 0.40546875 0.1 0.103125
9 0.6796875 0.41953125 0.134375 0.1328125
9 0.67265625 0.178125 0.1859375 0.3
9 0.371875 0.16796875 0.175 0.275
9 0.1265625 0.48359375 0.2078125 0.3
9 0.62265625 0.85 0.078125 0.10625