2 0.47265625 0.35390625 0.1640625 0.2578125
2 0.65234375 0.29296875 0.115625 0.1578125
2 0.834375 0.2578125 0.1609375 0.25625
2 0.796875 0.703125 0.071875 0.0640625
2 0.06796875 0.45546875 0.1359375 0.3078125
2 0.16796875 0.734375 0.0984375 0.134375
2 0.21875 0.43671875 0.125 0.184375
2 0.18828125 0.3328125 0.115625 0.13125
2 0.0984375 0.290625 0.128125 0.1921875
2 0.33984375 0.59140625 0.1890625 0.253125
2 0.08671875 0.484375 0.121875 0.1875
2 0.325 0.6953125 0.1359375 0.1796875
2 0.89765625 0.5078125 0.1109375 0.140625
2 0.57578125 0.521875 0.153125 0.228125
2 0.57890625 0.36484375 0.1578125 0.221875
2 0.1171875 0.61640625 0.1703125 0.1765625
2 0.44921875 0.64921875 0.1578125 0.2078125