2 0.53203125 0.6453125 0.0703125 0.2578125
2 0.72109375 0.63125 0.0640625 0.1484375
2 0.90234375 0.5921875 0.0671875 0.2578125
2 0.69453125 0.196875 0.0609375 0.0453125
2 0.0828125 0.725 0.1140625 0.29375
2 0.103125 0.4140625 0.0546875 0.1265625
2 0.265625 0.66875 0.0609375 0.1796875
2 0.27890625 0.775 0.0796875 0.1125
2 0.21171875 0.84921875 0.0609375 0.1890625
2 0.3171875 0.478125 0.109375 0.234375
2 0.12578125 0.67578125 0.0546875 0.1859375
2 0.2625 0.38828125 0.08125 0.165625
2 0.86328125 0.3375 0.0671875 0.1265625
2 0.5609375 0.45078125 0.0734375 0.2234375
2 0.62578125 0.59375 0.084375 0.2125
2 0.10234375 0.5421875 0.128125 0.1421875
2 0.39453125 0.38203125 0.090625 0.19375