2 0.6171875 0.590625 0.20625 0.240625
2 0.75390625 0.45859375 0.1375 0.1515625
2 0.86796875 0.31171875 0.203125 0.2375
2 0.45390625 0.14296875 0.0734375 0.0703125
2 0.32421875 0.896875 0.2609375 0.20625
2 0.140625 0.68984375 0.115625 0.1296875
2 0.42890625 0.7796875 0.153125 0.175
2 0.50703125 0.853125 0.128125 0.1328125
2 0.50390625 0.93125 0.1578125 0.1375
2 0.34609375 0.60078125 0.221875 0.2453125
2 0.3265625 0.87578125 0.1515625 0.175
2 0.24609375 0.5671875 0.159375 0.175
2 0.6734375 0.1421875 0.1265625 0.1375
2 0.51484375 0.42265625 0.1890625 0.215625
2 0.65625 0.490625 0.1890625 0.2125
2 0.22265625 0.78828125 0.18125 0.184375
2 0.34375 0.47734375 0.184375 0.2015625