1 0.78828125 0.29140625 0.2171875 0.190625
1 0.55625 0.6578125 0.13125 0.18125
1 0.6609375 0.3671875 0.075 0.0640625
1 0.965625 0.5 0.06875 0.1125
1 0.871875 0.11953125 0.08125 0.0984375
1 0.471875 0.46875 0.115625 0.1140625
1 0.43828125 0.60546875 0.0703125 0.05625
1 0.38203125 0.7609375 0.096875 0.125
1 0.8171875 0.6546875 0.0703125 0.075
1 0.3109375 0.509375 0.09375 0.0640625
1 0.3234375 0.4328125 0.0625 0.065625
1 0.34296875 0.39296875 0.0734375 0.0875
1 0.38515625 0.4265625 0.0734375 0.053125
1 0.315625 0.0703125 0.1125 0.0953125
1 0.3578125 0.5859375 0.05625 0.0765625
1 0.453125 0.80859375 0.0625 0.084375
1 0.49375 0.80703125 0.04375 0.059375
1 0.46640625 0.86953125 0.0625 0.0703125
1 0.646875 0.63671875 0.0625 0.065625
1 0.77734375 0.50703125 0.0578125 0.0390625
1 0.590625 0.4859375 0.05625 0.0625