1 0.14453125 0.48671875 0.21875 0.1953125
1 0.553125 0.34140625 0.134375 0.1828125
1 0.29140625 0.50546875 0.0765625 0.065625
1 0.11875 0.20234375 0.10625 0.1140625
1 0.503125 0.5421875 0.1171875 0.1171875
1 0.6140625 0.4546875 0.071875 0.0578125
1 0.75390625 0.3671875 0.1 0.1265625
1 0.3453125 0.1828125 0.071875 0.0765625
1 0.6546875 0.60859375 0.09375 0.0671875
1 0.59765625 0.66171875 0.0640625 0.0671875
1 0.5578125 0.68046875 0.075 0.0875
1 0.5453125 0.62890625 0.0734375 0.0546875
1 0.38046875 0.9515625 0.1140625 0.096875
1 0.66484375 0.5203125 0.0578125 0.0765625
1 0.7265625 0.2859375 0.065625 0.084375
1 0.69375 0.26171875 0.0453125 0.059375
1 0.75390625 0.22890625 0.0640625 0.071875
1 0.46796875 0.3015625 0.0625 0.065625
1 0.2859375 0.32421875 0.0578125 0.040625
1 0.41953125 0.4546875 0.0578125 0.0625