2 0.48828125 0.4921875 0.2578125 0.1046875
2 0.6046875 0.64296875 0.2109375 0.2359375
2 0.64296875 0.353125 0.153125 0.140625
2 0.428125 0.76484375 0.234375 0.1546875
2 0.76875 0.73515625 0.246875 0.146875
2 0.7609375 0.61484375 0.228125 0.2328125
2 0.1859375 0.23125 0.3265625 0.14375
2 0.1484375 0.4296875 0.2796875 0.196875
2 0.53671875 0.096875 0.16875 0.1578125
2 0.8625 0.34375 0.209375 0.14375
2 0.4140625 0.9171875 0.3125 0.140625
2 0.278125 0.5859375 0.1859375 0.1140625
2 0.834375 0.12421875 0.1046875 0.1421875
2 0.92578125 0.20390625 0.1265625 0.1203125