2 0.484375 0.521875 0.2453125 0.096875
2 0.38671875 0.37109375 0.20625 0.2203125
2 0.3296875 0.64140625 0.15 0.1328125
2 0.5609375 0.26875 0.2265625 0.14375
2 0.2390625 0.27265625 0.2375 0.1375
2 0.2375 0.38671875 0.2234375 0.21875
2 0.75 0.7890625 0.3125 0.1328125
2 0.8015625 0.60546875 0.271875 0.1828125
2 0.41171875 0.88984375 0.1640625 0.146875
2 0.1234375 0.634375 0.2015625 0.134375
2 0.58515625 0.12578125 0.3 0.13125
2 0.6890625 0.4484375 0.1796875 0.10625
2 0.134375 0.84296875 0.103125 0.1328125
2 0.0578125 0.76171875 0.115625 0.1125