3 0.51484375 0.49609375 0.2390625 0.0890625
3 0.4078125 0.6421875 0.1953125 0.2125
3 0.365625 0.37109375 0.1421875 0.128125
3 0.57578125 0.7515625 0.2203125 0.1375
3 0.2546875 0.73515625 0.2296875 0.128125
3 0.259375 0.62265625 0.2125 0.2125
3 0.79453125 0.2390625 0.30625 0.125
3 0.834375 0.421875 0.2625 0.1734375
3 0.4625 0.1265625 0.1578125 0.14375
3 0.1609375 0.37109375 0.19375 0.128125
3 0.590625 0.8953125 0.2953125 0.1203125
3 0.71328125 0.57734375 0.1734375 0.1015625
3 0.09765625 0.240625 0.11875 0.1078125