2 0.5296875 0.4703125 0.2640625 0.096875
2 0.40703125 0.3109375 0.221875 0.2328125
2 0.37578125 0.60546875 0.1609375 0.1390625
2 0.58359375 0.19375 0.24375 0.1484375
2 0.23671875 0.2109375 0.25625 0.140625
2 0.24765625 0.33359375 0.2390625 0.228125
2 0.8375 0.7484375 0.321875 0.134375
2 0.86640625 0.54921875 0.2640625 0.1890625
2 0.4921875 0.87109375 0.1765625 0.1546875
2 0.1515625 0.60546875 0.2171875 0.1390625
2 0.59453125 0.053125 0.325 0.1015625
2 0.7421875 0.3828125 0.1921875 0.109375
2 0.1875 0.83046875 0.1109375 0.140625
2 0.09609375 0.74453125 0.1296875 0.1203125