9 0.2296875 0.60625 0.1296875 0.13125
9 0.6921875 0.45703125 0.15625 0.1625
9 0.1375 0.6015625 0.1375 0.1421875
9 0.92109375 0.6015625 0.1578125 0.1625
9 0.9609375 0.4921875 0.078125 0.1625
9 0.94453125 0.43828125 0.1109375 0.1734375
9 0.93203125 0.33125 0.1359375 0.18125
9 0.884375 0.2484375 0.1203125 0.1265625
9 0.5203125 0.1140625 0.1359375 0.1390625
9 0.3359375 0.16171875 0.121875 0.1265625
9 0.36484375 0.41484375 0.1859375 0.1890625
9 0.4421875 0.28828125 0.0875 0.0921875
9 0.3921875 0.52890625 0.09375 0.09375
9 0.103125 0.5015625 0.20625 0.20625
9 0.27109375 0.4421875 0.18125 0.1890625
9 0.59765625 0.23671875 0.084375 0.084375
9 0.746875 0.29609375 0.0953125 0.0953125
9 0.5765625 0.375 0.0859375 0.0875
9 0.771875 0.4734375 0.11875 0.1234375
9 0.82890625 0.54453125 0.1421875 0.146875
9 0.31640625 0.5484375 0.1109375 0.1140625
9 0.471875 0.81796875 0.0875 0.0875
9 0.3921875 0.778125 0.0921875 0.090625
9 0.3078125 0.7546875 0.128125 0.128125
9 0.33046875 0.6953125 0.078125 0.0765625
9 0.45546875 0.60625 0.0734375 0.071875
9 0.37421875 0.66484375 0.1 0.103125
9 0.228125 0.78203125 0.109375 0.1078125
9 0.83671875 0.21015625 0.1203125 0.1265625
9 0.8390625 0.33125 0.075 0.075
9 0.665625 0.69609375 0.090625 0.09375
9 0.6703125 0.52265625 0.0796875 0.0828125
9 0.484375 0.4328125 0.1015625 0.1046875
9 0.18828125 0.69921875 0.0828125 0.0796875
9 0.315625 0.6234375 0.0734375 0.078125
9 0.640625 0.40703125 0.125 0.1328125
9 0.64921875 0.23203125 0.0828125 0.0828125
9 0.53203125 0.20078125 0.071875 0.071875
9 0.7125 0.56953125 0.096875 0.1
9 0.3890625 0.02734375 0.08125 0.0546875
9 0.60234375 0.0765625 0.0890625 0.090625
9 0.52890625 0.26640625 0.0796875 0.0796875
9 0.6875 0.21484375 0.0703125 0.0703125
9 0.69609375 0.315625 0.090625 0.090625
9 0.5765625 0.7453125 0.0765625 0.0796875