5 0.36484375 0.26328125 0.0984375 0.103125
5 0.62109375 0.71328125 0.090625 0.153125
5 0.28828125 0.2 0.0859375 0.13125
5 0.934375 0.57734375 0.1140625 0.290625
5 0.90546875 0.77421875 0.125 0.125
5 0.88671875 0.91171875 0.0890625 0.153125
5 0.82578125 0.91796875 0.0703125 0.1609375
5 0.7359375 0.9578125 0.115625 0.08125
5 0.6265625 0.97421875 0.078125 0.0484375
5 0.2453125 0.84765625 0.0875 0.1234375
5 0.13359375 0.678125 0.065625 0.121875
5 0.3359375 0.5078125 0.121875 0.1671875
5 0.30703125 0.659375 0.046875 0.090625
5 0.4375 0.44140625 0.071875 0.071875
5 0.19296875 0.2484375 0.184375 0.1390625
5 0.28046875 0.41796875 0.0984375 0.184375
5 0.3921875 0.8125 0.0625 0.0671875
5 0.55078125 0.87578125 0.071875 0.075
5 0.4734375 0.69375 0.0625 0.071875
5 0.69609375 0.7609375 0.0703125 0.1171875
5 0.7890625 0.74765625 0.0859375 0.1375