5 0.64453125 0.76953125 0.103125 0.1078125
5 0.38984375 0.334375 0.0984375 0.159375
5 0.72109375 0.82578125 0.090625 0.1359375
5 0.0625 0.51171875 0.125 0.3
5 0.0984375 0.3046875 0.1328125 0.1296875
5 0.1203125 0.1609375 0.0953125 0.159375
5 0.18359375 0.13359375 0.075 0.19375
5 0.278125 0.06875 0.1203125 0.1375
5 0.390625 0.0453125 0.0828125 0.090625
5 0.78125 0.153125 0.09375 0.128125
5 0.89296875 0.315625 0.0703125 0.1265625
5 0.67890625 0.5140625 0.1296875 0.1734375
5 0.7125 0.3546875 0.05 0.09375
5 0.5734375 0.59375 0.075 0.075
5 0.82109375 0.7640625 0.1921875 0.14375
5 0.73359375 0.6 0.10625 0.190625
5 0.628125 0.20625 0.065625 0.06875
5 0.46640625 0.16015625 0.075 0.0765625
5 0.5421875 0.33828125 0.065625 0.0734375
5 0.3140625 0.2953125 0.075 0.121875
5 0.2171875 0.31875 0.0921875 0.14375