9 0.66875 0.26328125 0.1015625 0.10625
9 0.36171875 0.640625 0.103125 0.153125
9 0.7484375 0.21796875 0.09375 0.1296875
9 0.08828125 0.64453125 0.1328125 0.1265625
9 0.084375 0.778125 0.103125 0.153125
9 0.13828125 0.8078125 0.0875 0.1828125
9 0.21171875 0.8890625 0.1234375 0.1625
9 0.31484375 0.9203125 0.075 0.1234375
9 0.69296875 0.83515625 0.0984375 0.121875
9 0.82109375 0.69453125 0.0765625 0.121875
9 0.659375 0.49765625 0.1328125 0.1671875
9 0.6640625 0.64609375 0.0546875 0.0890625
9 0.575 0.41640625 0.075 0.075
9 0.8328125 0.28125 0.1890625 0.1453125
9 0.7234375 0.42421875 0.115625 0.18125
9 0.56171875 0.7734375 0.0671875 0.0671875
9 0.40390625 0.80546875 0.0765625 0.0765625
9 0.50390625 0.646875 0.065625 0.0734375
9 0.28671875 0.6703125 0.0796875 0.1140625
9 0.2 0.64140625 0.09375 0.1375
9 0.628125 0.359375 0.0765625 0.103125
9 0.35 0.21796875 0.0671875 0.0734375
9 0.4390625 0.20859375 0.078125 0.0671875
9 0.52265625 0.18203125 0.103125 0.103125
9 0.5359375 0.24375 0.06875 0.0546875
9 0.4796875 0.38671875 0.0671875 0.0484375
9 0.515625 0.29296875 0.071875 0.0890625
9 0.57421875 0.11484375 0.090625 0.0828125
9 0.375 0.9265625 0.071875 0.1265625
9 0.30703125 0.8265625 0.0609375 0.059375
9 0.25390625 0.42578125 0.0578125 0.090625
9 0.34453125 0.5734375 0.0546875 0.0765625
9 0.55 0.5484375 0.0703125 0.0953125
9 0.653125 0.16328125 0.0765625 0.053125
9 0.58671875 0.29609375 0.0390625 0.0828125
9 0.4328125 0.6546875 0.075 0.13125
9 0.52109375 0.80625 0.065625 0.065625
9 0.6359375 0.76875 0.0578125 0.0578125
9 0.28359375 0.55703125 0.0671875 0.0890625
9 0.85859375 0.84765625 0.0578125 0.0734375
9 0.6453125 0.9109375 0.059375 0.084375
9 0.603125 0.71171875 0.0625 0.0640625
9 0.49765625 0.84140625 0.05625 0.05625
9 0.4359375 0.76171875 0.0765625 0.0703125
9 0.30234375 0.3359375 0.046875 0.0765625