5 0.6203125 0.771875 0.09375 0.096875
5 0.3765625 0.3484375 0.0890625 0.14375
5 0.69375 0.83046875 0.0828125 0.121875
5 0.0640625 0.490625 0.128125 0.271875
5 0.103125 0.29921875 0.121875 0.115625
5 0.12265625 0.16640625 0.0859375 0.14375
5 0.18125 0.1453125 0.0671875 0.178125
5 0.26796875 0.0796875 0.1109375 0.146875
5 0.371875 0.06328125 0.075 0.1109375
5 0.73828125 0.20625 0.0859375 0.115625
5 0.8453125 0.365625 0.0640625 0.115625
5 0.64921875 0.5359375 0.1171875 0.1578125
5 0.678125 0.3890625 0.0453125 0.0859375
5 0.5515625 0.60390625 0.06875 0.0671875
5 0.78515625 0.7796875 0.178125 0.1265625
5 0.70234375 0.6203125 0.096875 0.175
5 0.59609375 0.24453125 0.059375 0.0625
5 0.4453125 0.18984375 0.0703125 0.06875
5 0.51796875 0.3625 0.059375 0.0671875
5 0.3046875 0.30546875 0.06875 0.1109375
5 0.21484375 0.3203125 0.0828125 0.1296875