0 0.21328125 0.4546875 0.2453125 0.4078125
0 0.346875 0.4890625 0.24375 0.465625
0 0.4453125 0.7546875 0.2078125 0.3125
0 0.7625 0.33828125 0.2390625 0.409375
0 0.62578125 0.57734375 0.14375 0.1875
0 0.6421875 0.83984375 0.121875 0.190625
0 0.75390625 0.8140625 0.115625 0.184375
0 0.0921875 0.303125 0.184375 0.375
0 0.225 0.8078125 0.1890625 0.2796875
0 0.76484375 0.55234375 0.115625 0.2109375
0 0.61875 0.215625 0.1078125 0.14375
0 0.55546875 0.1375 0.1828125 0.16875
0 0.53828125 0.83984375 0.125 0.1734375
0 0.68515625 0.19453125 0.1125 0.15625
0 0.2765625 0.27734375 0.2453125 0.3734375
0 0.49140625 0.23671875 0.115625 0.1859375
0 0.42890625 0.8828125 0.2109375 0.234375
0 0.715625 0.98515625 0.140625 0.0296875
0 0.221875 0.059375 0.1375 0.11875