0 0.77890625 0.4203125 0.2046875 0.4
0 0.64296875 0.44453125 0.19375 0.4625
0 0.44140625 0.24609375 0.1765625 0.3046875
0 0.33046875 0.7578125 0.196875 0.403125
0 0.353125 0.4828125 0.1265625 0.1796875
0 0.22734375 0.25234375 0.103125 0.1859375
0 0.1375 0.32265625 0.096875 0.1796875
0 0.93984375 0.50390625 0.1203125 0.3734375
0 0.61875 0.1203125 0.1625 0.240625
0 0.23828125 0.5640625 0.09375 0.2078125
0 0.5125 0.8078125 0.09375 0.1375
0 0.603125 0.85234375 0.1703125 0.1546875
0 0.321875 0.2078125 0.1078125 0.1671875
0 0.4609375 0.8546875 0.096875 0.15
0 0.79609375 0.60703125 0.209375 0.3640625
0 0.61953125 0.73515625 0.096875 0.18125
0 0.4 0.11640625 0.1890625 0.2328125
0 0.0796875 0.10859375 0.1328125 0.1125
0 0.95078125 0.82890625 0.0984375 0.2171875