0 0.7671875 0.38671875 0.2453125 0.4078125
0 0.63515625 0.428125 0.24375 0.465625
0 0.4109375 0.2546875 0.2078125 0.3125
0 0.36328125 0.7765625 0.2390625 0.409375
0 0.35234375 0.50078125 0.14375 0.1875
0 0.19921875 0.2875 0.121875 0.190625
0 0.11875 0.36796875 0.115625 0.184375
0 0.928125 0.446875 0.14375 0.375
0 0.56953125 0.11640625 0.1890625 0.2328125
0 0.24765625 0.59609375 0.115625 0.2109375
0 0.55 0.80390625 0.1078125 0.14375
0 0.6453125 0.83671875 0.1828125 0.16875
0 0.2875 0.23203125 0.125 0.1734375
0 0.5046875 0.85703125 0.1125 0.15625
0 0.80703125 0.5703125 0.2453125 0.3734375
0 0.646875 0.71875 0.115625 0.1859375
0 0.35390625 0.13125 0.2109375 0.246875
0 0.05234375 0.16171875 0.1046875 0.1234375
0 0.96328125 0.7703125 0.0734375 0.221875