9 0.55546875 0.05390625 0.1203125 0.1078125
9 0.26796875 0.4078125 0.075 0.10625
9 0.69921875 0.60859375 0.09375 0.096875
9 0.7984375 0.684375 0.0921875 0.1234375
9 0.79296875 0.5234375 0.09375 0.175
9 0.15 0.29375 0.109375 0.2375
9 0.31796875 0.12734375 0.240625 0.128125
9 0.603125 0.378125 0.140625 0.159375
9 0.42109375 0.28984375 0.221875 0.1
9 0.4171875 0.37421875 0.078125 0.05625
9 0.7203125 0.2859375 0.171875 0.275
3 0.86640625 0.665625 0.1734375 0.3671875
3 0.57578125 0.82578125 0.1421875 0.3484375
9 0.884375 0.3171875 0.1765625 0.2984375
9 0.9171875 0.1296875 0.0984375 0.075
3 0.76484375 0.9265625 0.1390625 0.078125