6 0.43515625 0.66796875 0.121875 0.0453125
6 0.440625 0.6328125 0.06875 0.028125
6 0.59375 0.6640625 0.065625 0.059375
6 0.6390625 0.60625 0.0875 0.03125
6 0.4828125 0.5703125 0.06875 0.0359375
6 0.55 0.571875 0.1125 0.05
6 0.57265625 0.5984375 0.0546875 0.025
6 0.3703125 0.60390625 0.053125 0.028125
6 0.6671875 0.646875 0.096875 0.0421875
6 0.35234375 0.640625 0.06875 0.046875
6 0.5328125 0.65546875 0.071875 0.0375
6 0.45859375 0.425 0.1 0.040625
6 0.5375 0.35546875 0.0859375 0.028125
6 0.4328125 0.60234375 0.05625 0.025