9 0.725 0.8890625 0.153125 0.146875
9 0.32265625 0.67578125 0.1109375 0.128125
9 0.640625 0.321875 0.125 0.1265625
9 0.70234375 0.2140625 0.1328125 0.15
9 0.76015625 0.3640625 0.1546875 0.196875
9 0.25859375 0.8265625 0.19375 0.2625
9 0.478125 0.90390625 0.271875 0.1921875
9 0.6421875 0.571875 0.1921875 0.203125
9 0.509375 0.72421875 0.24375 0.178125
9 0.47265625 0.6484375 0.09375 0.08125
9 0.78671875 0.6109375 0.265625 0.3203125
3 0.77265625 0.2046875 0.303125 0.40625
3 0.44140625 0.17890625 0.2671875 0.3578125
9 0.8921875 0.5171875 0.215625 0.34375
9 0.984375 0.678125 0.03125 0.10625
3 0.5765625 0.03359375 0.159375 0.0671875