9 0.74453125 0.12265625 0.1609375 0.159375
9 0.73671875 0.57890625 0.1265625 0.1296875
9 0.27734375 0.45546875 0.134375 0.134375
9 0.153125 0.44921875 0.15 0.153125
9 0.26015625 0.3296875 0.184375 0.19375
9 0.890625 0.5671875 0.21875 0.253125
9 0.87265625 0.33125 0.2546875 0.253125
9 0.49921875 0.340625 0.2109375 0.2140625
9 0.6953125 0.38984375 0.234375 0.21875
9 0.64453125 0.45703125 0.0953125 0.0921875
9 0.46875 0.19453125 0.3078125 0.321875
3 0.1484375 0.39140625 0.296875 0.3921875
3 0.2328125 0.70078125 0.3328125 0.3578125
9 0.32265625 0.14140625 0.3265625 0.2828125
3 0.05078125 0.65625 0.1015625 0.15