3 0.515625 0.98125 0.13125 0.034375
3 0.4609375 0.42265625 0.1453125 0.140625
3 0.62890625 0.3953125 0.1078125 0.0796875
3 0.49609375 0.25078125 0.0890625 0.190625
3 0.3234375 0.85390625 0.1609375 0.2703125
3 0.6875 0.97109375 0.11875 0.0546875
3 0.73203125 0.68828125 0.0796875 0.1171875
3 0.21796875 0.33984375 0.1640625 0.075
3 0.14765625 0.4 0.203125 0.1109375
3 0.49375 0.7703125 0.1140625 0.1375
3 0.54921875 0.90078125 0.0890625 0.0796875
3 0.6578125 0.9046875 0.0890625 0.0515625
3 0.6671875 0.82578125 0.0953125 0.0828125
3 0.56015625 0.80859375 0.08125 0.06875
3 0.47109375 0.5375 0.18125 0.15
3 0.615625 0.6046875 0.053125 0.0703125
3 0.73203125 0.8515625 0.11875 0.153125
3 0.178125 0.63046875 0.184375 0.171875
3 0.12421875 0.878125 0.1828125 0.240625