3 0.50703125 0.0328125 0.125 0.065625
3 0.4171875 0.57734375 0.1390625 0.134375
3 0.57421875 0.60078125 0.103125 0.0765625
3 0.4390625 0.7390625 0.0890625 0.18125
3 0.31640625 0.1734375 0.15625 0.25625
3 0.66875 0.04140625 0.1140625 0.0828125
3 0.68984375 0.32265625 0.078125 0.1125
3 0.18359375 0.65859375 0.15625 0.0734375
3 0.12265625 0.603125 0.19375 0.1078125
3 0.471875 0.24921875 0.1109375 0.13125
3 0.53203125 0.12578125 0.0859375 0.0765625
3 0.63359375 0.11953125 0.084375 0.05
3 0.63828125 0.19375 0.090625 0.0796875
3 0.53671875 0.21171875 0.078125 0.0671875
3 0.43515625 0.46953125 0.1734375 0.14375
3 0.57421875 0.403125 0.0515625 0.0671875
3 0.70078125 0.16875 0.115625 0.1453125
3 0.165625 0.3859375 0.1765625 0.165625
3 0.13203125 0.13359375 0.1765625 0.2671875