9 0.4390625 0.30625 0.0703125 0.06875
9 0.3125 0.953125 0.09375 0.09375
9 0.2296875 0.68828125 0.1296875 0.0921875
9 0.1125 0.81328125 0.171875 0.18125
9 0.41875 0.68671875 0.153125 0.15
9 0.465625 0.8359375 0.2046875 0.203125
9 0.50546875 0.4921875 0.11875 0.06875
9 0.67265625 0.49296875 0.0921875 0.1140625
9 0.578125 0.58671875 0.1234375 0.1140625
9 0.67265625 0.6484375 0.0828125 0.159375
9 0.75078125 0.54765625 0.078125 0.1609375
9 0.58828125 0.39375 0.046875 0.0703125
3 0.10625 0.2328125 0.2125 0.465625
3 0.46796875 0.13359375 0.103125 0.103125
3 0.58359375 0.078125 0.0640625 0.0875
3 0.671875 0.3125 0.0546875 0.090625
3 0.79609375 0.84296875 0.0640625 0.221875
3 0.9390625 0.85703125 0.121875 0.2859375
3 0.71953125 0.91171875 0.084375 0.0671875
9 0.25078125 0.75859375 0.0546875 0.1125
3 0.0625 0.4734375 0.125 0.153125
9 0.54609375 0.2875 0.1125 0.0921875