6 0.665625 0.35703125 0.109375 0.084375
6 0.71875 0.43203125 0.1140625 0.1125
6 0.58203125 0.36953125 0.065625 0.071875
6 0.640625 0.5 0.084375 0.10625
6 0.45546875 0.34453125 0.084375 0.1125
6 0.43671875 0.515625 0.08125 0.0609375
6 0.33671875 0.490625 0.06875 0.059375
6 0.321875 0.57109375 0.1171875 0.103125
6 0.4359375 0.5953125 0.1328125 0.09375
6 0.54921875 0.52109375 0.090625 0.0890625
6 0.55078125 0.2953125 0.1 0.0953125
6 0.55859375 0.45234375 0.078125 0.065625
6 0.3984375 0.31875 0.0984375 0.05625
6 0.434375 0.2296875 0.1265625 0.1453125