6 0.334375 0.64296875 0.109375 0.084375
6 0.28125 0.56796875 0.1140625 0.1125
6 0.41796875 0.63046875 0.065625 0.071875
6 0.359375 0.5 0.084375 0.10625
6 0.54453125 0.65546875 0.084375 0.1125
6 0.56328125 0.484375 0.08125 0.0609375
6 0.66328125 0.509375 0.06875 0.059375
6 0.678125 0.42890625 0.1171875 0.103125
6 0.5640625 0.4046875 0.1328125 0.09375
6 0.45078125 0.47890625 0.090625 0.0890625
6 0.44921875 0.7046875 0.1 0.0953125
6 0.44140625 0.54765625 0.078125 0.065625
6 0.6015625 0.68125 0.0984375 0.05625
6 0.565625 0.7703125 0.1265625 0.1453125