9 0.51875 0.3921875 0.165625 0.1640625
9 0.36171875 0.41328125 0.11875 0.1015625
9 0.4390625 0.24765625 0.13125 0.1890625
8 0.7640625 0.7359375 0.2171875 0.28125
9 0.48671875 0.95625 0.1359375 0.0875
9 0.353125 0.7015625 0.103125 0.1265625
3 0.7125 0.25 0.1640625 0.1109375
3 0.79140625 0.31015625 0.2078125 0.19375
9 0.58828125 0.7078125 0.1375 0.1515625
9 0.57734375 0.8390625 0.1 0.0953125
9 0.4796875 0.8734375 0.0890625 0.06875
9 0.44296875 0.803125 0.0875 0.0734375
9 0.54140625 0.75390625 0.0796875 0.06875
9 0.54140625 0.49609375 0.2 0.18125
9 0.43359375 0.5953125 0.065625 0.078125
9 0.40703125 0.8375 0.125 0.1484375
3 0.84453125 0.4921875 0.2421875 0.2140625
3 0.91953125 0.7265625 0.1609375 0.309375
9 0.50703125 0.675 0.0875 0.0921875
9 0.41875 0.6921875 0.065625 0.059375
9 0.39765625 0.63671875 0.0671875 0.0796875
9 0.471875 0.65546875 0.046875 0.040625
9 0.515625 0.60078125 0.10625 0.1078125
3 0.715625 0.5140625 0.128125 0.1609375
3 0.8203125 0.68125 0.1171875 0.1296875
3 0.88515625 0.58984375 0.090625 0.0921875