6 0.56484375 0.33203125 0.121875 0.0453125
6 0.559375 0.3671875 0.06875 0.028125
6 0.40625 0.3359375 0.065625 0.059375
6 0.3609375 0.39375 0.0875 0.03125
6 0.5171875 0.4296875 0.06875 0.0359375
6 0.45 0.428125 0.1125 0.05
6 0.42734375 0.4015625 0.0546875 0.025
6 0.6296875 0.39609375 0.053125 0.028125
6 0.3328125 0.353125 0.096875 0.0421875
6 0.64765625 0.359375 0.06875 0.046875
6 0.4671875 0.34453125 0.071875 0.0375
6 0.54140625 0.575 0.1 0.040625
6 0.4625 0.64453125 0.0859375 0.028125
6 0.5671875 0.39765625 0.05625 0.025