6 0.64296875 0.665625 0.084375 0.109375
6 0.56796875 0.71875 0.1125 0.1140625
6 0.63046875 0.58203125 0.071875 0.065625
6 0.5 0.640625 0.10625 0.084375
6 0.65546875 0.45546875 0.1125 0.084375
6 0.484375 0.43671875 0.0609375 0.08125
6 0.509375 0.33671875 0.059375 0.06875
6 0.42890625 0.321875 0.103125 0.1171875
6 0.4046875 0.4359375 0.09375 0.1328125
6 0.47890625 0.54921875 0.0890625 0.090625
6 0.7046875 0.55078125 0.0953125 0.1
6 0.54765625 0.55859375 0.065625 0.078125
6 0.68125 0.3984375 0.05625 0.0984375
6 0.7703125 0.434375 0.1453125 0.1265625