6 0.3640625 0.653125 0.140625 0.2734375
6 0.53359375 0.34609375 0.096875 0.05625
6 0.37578125 0.36640625 0.103125 0.05625
6 0.8515625 0.53828125 0.0359375 0.0859375
6 0.825 0.69296875 0.1 0.346875
6 0.71328125 0.565625 0.0546875 0.11875
6 0.7609375 0.3578125 0.103125 0.209375
6 0.56953125 0.60859375 0.1296875 0.2421875
6 0.3703125 0.46875 0.0875 0.065625
6 0.5109375 0.14609375 0.178125 0.15
6 0.66171875 0.3109375 0.15625 0.15625
6 0.46875 0.525 0.071875 0.096875
6 0.4453125 0.2453125 0.096875 0.0859375