3 0.440625 0.96484375 0.128125 0.0671875
3 0.53125 0.421875 0.140625 0.1328125
3 0.37421875 0.3875 0.103125 0.0765625
3 0.51015625 0.2578125 0.0890625 0.1796875
3 0.6328125 0.8375 0.1578125 0.25625
3 0.2796875 0.95 0.115625 0.096875
3 0.25703125 0.65859375 0.078125 0.1109375
3 0.76640625 0.3578125 0.15625 0.0703125
3 0.828125 0.41875 0.1953125 0.10625
3 0.4765625 0.74921875 0.1109375 0.1296875
3 0.41640625 0.86953125 0.0859375 0.0765625
3 0.3140625 0.8671875 0.084375 0.0484375
3 0.309375 0.7921875 0.090625 0.078125
3 0.41171875 0.78125 0.078125 0.065625
3 0.51328125 0.53046875 0.175 0.1421875
3 0.3734375 0.5859375 0.0515625 0.0671875
3 0.246875 0.81328125 0.115625 0.1453125
3 0.784375 0.634375 0.178125 0.1640625
3 0.81796875 0.878125 0.1796875 0.240625