6 0.653125 0.6359375 0.2734375 0.140625
6 0.34609375 0.46640625 0.05625 0.096875
6 0.36640625 0.62421875 0.05625 0.103125
6 0.53828125 0.1484375 0.0859375 0.0359375
6 0.69296875 0.175 0.346875 0.1
6 0.565625 0.28671875 0.11875 0.0546875
6 0.3578125 0.2390625 0.209375 0.103125
6 0.60859375 0.43046875 0.2421875 0.1296875
6 0.46875 0.6296875 0.065625 0.0875
6 0.14609375 0.4890625 0.15 0.178125
6 0.3109375 0.33828125 0.15625 0.15625
6 0.525 0.53125 0.096875 0.071875
6 0.2453125 0.5546875 0.0859375 0.096875