9 0.51328125 0.39140625 0.18125 0.18125
9 0.6578125 0.45703125 0.1234375 0.1171875
9 0.63203125 0.27578125 0.165625 0.1859375
8 0.17890625 0.6484375 0.2625 0.284375
9 0.37265625 0.94375 0.1484375 0.1125
9 0.58125 0.7359375 0.121875 0.1296875
3 0.3703125 0.19921875 0.1609375 0.1421875
3 0.2765625 0.23359375 0.221875 0.2171875
9 0.35546875 0.67265625 0.15625 0.1609375
9 0.3265625 0.80234375 0.1078125 0.10625
9 0.41015625 0.86328125 0.0890625 0.0828125
9 0.465625 0.80625 0.090625 0.0859375
9 0.38671875 0.73046875 0.084375 0.0796875
9 0.4609375 0.484375 0.2140625 0.20625
9 0.53515625 0.6109375 0.0765625 0.08125
9 0.48984375 0.85 0.1453125 0.1546875
3 0.17265625 0.3921875 0.25625 0.246875
3 0.06953125 0.58203125 0.1390625 0.3140625
9 0.4421875 0.665625 0.0984375 0.1
9 0.52109375 0.7078125 0.0703125 0.0671875
9 0.5578125 0.6609375 0.078125 0.0828125
9 0.48203125 0.65703125 0.0484375 0.046875
9 0.45546875 0.59140625 0.1171875 0.11875
3 0.28984375 0.45078125 0.153125 0.1640625
3 0.140625 0.5796875 0.134375 0.1390625
3 0.10546875 0.47265625 0.1 0.1