0 0.72890625 0.68125 0.2140625 0.2640625
0 0.59296875 0.73046875 0.2109375 0.2484375
0 0.50078125 0.5296875 0.115625 0.1515625
0 0.32734375 0.4328125 0.1625 0.1796875
0 0.36171875 0.9140625 0.2609375 0.171875
0 0.315625 0.7109375 0.1109375 0.1390625
0 0.7765625 0.2609375 0.259375 0.353125
0 0.5703125 0.1046875 0.246875 0.209375
0 0.6546875 0.22734375 0.1078125 0.1296875
0 0.55 0.3765625 0.134375 0.15625
3 0.16015625 0.84765625 0.140625 0.178125
0 0.51875 0.2046875 0.1765625 0.23125
3 0.10703125 0.45703125 0.125 0.1359375
3 0.06796875 0.3640625 0.1015625 0.1109375
0 0.32265625 0.10546875 0.1484375 0.165625
3 0.03984375 0.50703125 0.0796875 0.2046875
3 0.925 0.29765625 0.078125 0.0765625
3 0.8859375 0.23046875 0.103125 0.115625
0 0.39609375 0.0703125 0.1203125 0.140625
3 0.43515625 0.3015625 0.0875 0.09375
0 0.48515625 0.36875 0.109375 0.1046875
3 0.93671875 0.40703125 0.1265625 0.1390625
0 0.66953125 0.39375 0.2015625 0.25
0 0.63203125 0.51953125 0.1609375 0.178125
0 0.6328125 0.51875 0.1609375 0.178125
0 0.4078125 0.3859375 0.1359375 0.1609375
0 0.4515625 0.56796875 0.115625 0.14375
0 0.50546875 0.64140625 0.1875 0.2296875
0 0.25546875 0.2421875 0.2671875 0.3328125
0 0.26015625 0.3875 0.1171875 0.1421875
0 0.2140625 0.42421875 0.171875 0.228125
3 0.13984375 0.30625 0.075 0.0703125
0 0.09609375 0.2640625 0.1046875 0.1203125
3 0.02890625 0.3375 0.0578125 0.103125
0 0.10703125 0.57578125 0.15625 0.20625
0 0.20390625 0.64375 0.1609375 0.2125
0 0.28671875 0.58671875 0.1203125 0.146875
0 0.29765625 0.51484375 0.115625 0.1703125
3 0.371875 0.73359375 0.1078125 0.146875
3 0.45078125 0.690625 0.146875 0.171875
3 0.4140625 0.60078125 0.0828125 0.084375
0 0.29609375 0.85234375 0.2515625 0.2953125
3 0.396875 0.84921875 0.096875 0.115625
3 0.34921875 0.8 0.04375 0.04375
3 0.21875 0.94296875 0.06875 0.0765625
0 0.24375 0.9625 0.128125 0.075
3 0.059375 0.6875 0.0734375 0.0765625
3 0.06328125 0.63671875 0.1234375 0.1484375
0 0.4875 0.96875 0.115625 0.0625
3 0.64453125 0.0984375 0.065625 0.065625
3 0.5796875 0.1796875 0.071875 0.078125
3 0.64453125 0.04765625 0.1015625 0.0953125
3 0.9625 0.42890625 0.046875 0.0453125
8 0.59296875 0.47890625 0.0375 0.04375
8 0.56171875 0.24921875 0.04375 0.0515625