9 0.5671875 0.13671875 0.053125 0.0609375
9 0.609375 0.33671875 0.05 0.059375
9 0.40859375 0.20859375 0.0453125 0.059375
9 0.41953125 0.34765625 0.0625 0.078125
9 0.321875 0.28125 0.05625 0.0640625
9 0.2765625 0.24765625 0.04375 0.0421875
9 0.72265625 0.3515625 0.06875 0.075
9 0.7734375 0.28125 0.096875 0.0609375
9 0.64609375 0.221875 0.0703125 0.0671875
9 0.57421875 0.340625 0.0359375 0.05
3 0.37421875 0.74921875 0.140625 0.196875
3 0.4234375 0.58359375 0.1265625 0.159375
9 0.30703125 0.39140625 0.0609375 0.0578125
9 0.540625 0.22578125 0.0453125 0.0578125
9 0.60234375 0.25546875 0.05 0.059375
3 0.15546875 0.27578125 0.103125 0.1421875
3 0.059375 0.41015625 0.075 0.0921875
3 0.0640625 0.52109375 0.0625 0.0671875
3 0.1359375 0.509375 0.0484375 0.0640625
3 0.65859375 0.528125 0.0984375 0.08125
9 0.64765625 0.13203125 0.0609375 0.065625
9 0.54296875 0.08671875 0.059375 0.05
9 0.71015625 0.1109375 0.0515625 0.0578125
9 0.3859375 0.12421875 0.1078125 0.0625
9 0.509375 0.11953125 0.0640625 0.0625
9 0.60625 0.2046875 0.04375 0.04375
9 0.5734375 0.240625 0.040625 0.0421875
9 0.80234375 0.3125 0.0765625 0.0546875
9 0.69453125 0.41171875 0.0546875 0.059375
9 0.58671875 0.44921875 0.05625 0.05
9 0.7578125 0.19765625 0.078125 0.059375
9 0.54921875 0.49609375 0.0515625 0.053125
9 0.6078125 0.4015625 0.0390625 0.046875
3 0.690625 0.85390625 0.15625 0.24375
3 0.55 0.8109375 0.0515625 0.0703125
3 0.58125 0.690625 0.0515625 0.0828125
3 0.5640625 0.88359375 0.1 0.0734375
9 0.32421875 0.2125 0.05625 0.040625
9 0.503125 0.31015625 0.0578125 0.0453125
9 0.528125 0.325 0.0515625 0.040625
9 0.475 0.328125 0.046875 0.046875
9 0.52109375 0.390625 0.065625 0.0875
9 0.46328125 0.1171875 0.034375 0.0328125
9 0.29609375 0.1640625 0.04375 0.0421875
9 0.2578125 0.18671875 0.0453125 0.05625
9 0.68046875 0.26796875 0.0546875 0.0640625
9 0.47421875 0.37421875 0.0515625 0.0546875
9 0.50625 0.50859375 0.05625 0.0640625
9 0.50078125 0.459375 0.040625 0.03125
9 0.4859375 0.49453125 0.0765625 0.071875
9 0.65625 0.346875 0.0484375 0.0625
9 0.696875 0.20390625 0.0421875 0.040625
9 0.51640625 0.23828125 0.046875 0.0453125
9 0.4953125 0.21171875 0.046875 0.0390625
9 0.3875 0.2546875 0.04375 0.0421875
9 0.36171875 0.2953125 0.0296875 0.0296875
9 0.30625 0.33046875 0.040625 0.0421875
9 0.26328125 0.30078125 0.0546875 0.034375
9 0.284375 0.31015625 0.0328125 0.0296875
9 0.259375 0.26875 0.053125 0.059375
9 0.4546875 0.1640625 0.0625 0.0453125
9 0.2984375 0.42734375 0.0484375 0.04375
9 0.4109375 0.38984375 0.0484375 0.04375
9 0.4484375 0.38125 0.0578125 0.08125
3 0.290625 0.73515625 0.13125 0.184375
3 0.1703125 0.88125 0.1421875 0.1984375
3 0.4640625 0.7484375 0.18125 0.1640625