9 0.5484375 0.13359375 0.0640625 0.0671875
9 0.446875 0.3109375 0.059375 0.0640625
9 0.67734375 0.25078125 0.05625 0.0625
9 0.62421875 0.38046875 0.0765625 0.0828125
9 0.73671875 0.346875 0.0671875 0.071875
9 0.790625 0.32890625 0.05 0.0484375
9 0.334375 0.28984375 0.08125 0.084375
9 0.3078125 0.2078125 0.0984375 0.0828125
9 0.44765625 0.190625 0.0796875 0.078125
9 0.47890625 0.32578125 0.046875 0.0515625
3 0.54296875 0.7765625 0.1796875 0.20625
3 0.54765625 0.603125 0.15625 0.171875
9 0.7171875 0.45625 0.06875 0.0671875
9 0.54609375 0.2265625 0.05625 0.0625
9 0.478125 0.23515625 0.0609375 0.065625
3 0.896875 0.39296875 0.13125 0.1484375
3 0.946875 0.55078125 0.0921875 0.0984375
3 0.9078125 0.6546875 0.0734375 0.075
3 0.84375 0.621875 0.0609375 0.06875
3 0.33984375 0.478125 0.1078125 0.1
9 0.4734375 0.1046875 0.071875 0.0734375
9 0.58671875 0.09375 0.0640625 0.059375
9 0.4203125 0.06484375 0.0609375 0.0640625
9 0.72421875 0.178125 0.1078125 0.0875
9 0.60859375 0.13515625 0.0734375 0.071875
9 0.48984375 0.1859375 0.05 0.05
9 0.51015625 0.23125 0.046875 0.046875
9 0.2703125 0.228125 0.0796875 0.0703125
9 0.3421875 0.35625 0.0640625 0.065625
9 0.4328125 0.425 0.0625 0.059375
9 0.34765625 0.1328125 0.0828125 0.075
9 0.45390625 0.48046875 0.059375 0.059375
9 0.428125 0.37265625 0.046875 0.05
3 0.209375 0.77734375 0.209375 0.2484375
3 0.35625 0.7796875 0.065625 0.0734375
3 0.3640625 0.65625 0.06875 0.084375
3 0.32109375 0.8453125 0.1046875 0.0921875
9 0.75546875 0.28046875 0.059375 0.0515625
9 0.55546875 0.31796875 0.0625 0.05625
9 0.52734375 0.325 0.0546875 0.05
9 0.57734375 0.34375 0.0546875 0.0546875
9 0.51328125 0.38984375 0.0828125 0.09375
9 0.653125 0.14765625 0.0390625 0.0390625
9 0.7984375 0.24375 0.05 0.05
9 0.82734375 0.27734375 0.05625 0.0609375
9 0.4 0.2234375 0.065625 0.0703125
9 0.56328125 0.38828125 0.0609375 0.0625
9 0.4921875 0.50625 0.0671875 0.071875
9 0.51171875 0.4609375 0.04375 0.0390625
9 0.51484375 0.49921875 0.0859375 0.084375
9 0.3984375 0.30625 0.0609375 0.0671875
9 0.40390625 0.15703125 0.0484375 0.046875
9 0.565625 0.24609375 0.053125 0.053125
9 0.59375 0.22734375 0.0515625 0.046875
9 0.6828125 0.3015625 0.05 0.0484375
9 0.6953125 0.3484375 0.034375 0.034375
9 0.73671875 0.39921875 0.046875 0.0484375
9 0.78671875 0.38359375 0.0546875 0.046875
9 0.76328125 0.3859375 0.0375 0.034375
9 0.8 0.35390625 0.0625 0.065625
9 0.646875 0.19453125 0.065625 0.0578125
9 0.7140625 0.49296875 0.053125 0.0515625
9 0.61875 0.42265625 0.0546875 0.053125
9 0.5859375 0.403125 0.0734375 0.084375
3 0.6265625 0.78828125 0.16875 0.1921875
3 0.69453125 0.93046875 0.1828125 0.1390625
3 0.45703125 0.74765625 0.2015625 0.19375