0 0.43515625 0.790625 0.10625 0.2484375
0 0.57265625 0.78046875 0.1359375 0.2703125
0 0.54140625 0.5265625 0.05625 0.15
0 0.63671875 0.3578125 0.109375 0.1453125
0 0.9203125 0.85234375 0.146875 0.26875
0 0.8015625 0.60546875 0.078125 0.1578125
0 0.15703125 0.428125 0.1140625 0.3609375
0 0.2203125 0.1484375 0.13125 0.29375
0 0.2421875 0.3375 0.0625 0.11875
2 0.415625 0.415625 0.0828125 0.140625
2 0.7265625 0.29453125 0.059375 0.228125
2 0.984375 0.6390625 0.028125 0.18125
0 0.34765625 0.2484375 0.084375 0.228125
2 0.53828125 0.35625 0.090625 0.1421875
2 0.83515625 0.26796875 0.0765625 0.10625
2 0.82421875 0.16796875 0.078125 0.0859375
2 0.0828125 0.7625 0.103125 0.18125
0 0.46171875 0.06953125 0.0984375 0.125
2 0.959375 0.25546875 0.075 0.2015625