3 0.6078125 0.90703125 0.0578125 0.0640625
3 0.61640625 0.68984375 0.0453125 0.0671875
3 0.4328125 0.8625 0.0421875 0.0625
3 0.41796875 0.71875 0.05 0.0765625
3 0.33203125 0.80546875 0.05 0.0609375
3 0.29140625 0.846875 0.0421875 0.0375
3 0.7296875 0.659375 0.0828125 0.071875
3 0.79921875 0.6984375 0.103125 0.103125
3 0.684375 0.80546875 0.078125 0.0625
3 0.57265625 0.70390625 0.0453125 0.0953125
3 0.86796875 0.20234375 0.0921875 0.1609375
3 0.9140625 0.30859375 0.0640625 0.1
3 0.28828125 0.30703125 0.1140625 0.1953125
3 0.378125 0.46953125 0.115625 0.1625
3 0.29375 0.69296875 0.05625 0.053125
3 0.54765625 0.82421875 0.078125 0.0671875
3 0.62421875 0.7796875 0.0421875 0.0546875