3 0.2859375 0.88125 0.059375 0.0625
3 0.296875 0.6640625 0.046875 0.0671875
3 0.4640625 0.853125 0.04375 0.0625
3 0.49140625 0.71171875 0.0515625 0.075
3 0.56875 0.80546875 0.0515625 0.059375
3 0.60546875 0.85078125 0.0421875 0.0375
3 0.1875 0.6234375 0.084375 0.071875
3 0.115625 0.65546875 0.10625 0.1015625
3 0.21953125 0.7734375 0.078125 0.0609375
3 0.3390625 0.6828125 0.0484375 0.0953125
3 0.090625 0.15703125 0.096875 0.159375
3 0.03515625 0.25859375 0.065625 0.0984375
3 0.65546875 0.31484375 0.11875 0.1921875
3 0.55234375 0.46796875 0.1203125 0.159375
3 0.61640625 0.69765625 0.0578125 0.0515625
3 0.353125 0.80390625 0.078125 0.065625
3 0.28125 0.753125 0.0421875 0.0546875