0 0.40390625 0.16328125 0.10625 0.2640625
0 0.5484375 0.1671875 0.1359375 0.2875
0 0.51953125 0.43203125 0.0546875 0.1578125
0 0.621875 0.6015625 0.1109375 0.15625
0 0.909375 0.1078125 0.15 0.215625
0 0.7890625 0.3359375 0.0796875 0.1671875
0 0.12109375 0.5546875 0.1125 0.38125
0 0.1921875 0.8375 0.134375 0.3046875
0 0.2125 0.64453125 0.0625 0.1265625
2 0.38984375 0.5546875 0.0828125 0.15
2 0.7171875 0.6625 0.0578125 0.240625
2 0.978125 0.290625 0.0234375 0.1875
0 0.32265625 0.73125 0.0828125 0.2421875
2 0.51953125 0.609375 0.090625 0.153125
2 0.8296875 0.684375 0.078125 0.1140625
2 0.8203125 0.7890625 0.0796875 0.09375
2 0.046875 0.21015625 0.09375 0.196875
0 0.446875 0.90625 0.1046875 0.1359375
2 0.95 0.68984375 0.05625 0.2140625