9 0.54765625 0.86640625 0.05625 0.0625
9 0.60078125 0.66875 0.0515625 0.0609375
9 0.39375 0.78671875 0.0484375 0.0609375
9 0.4109375 0.64765625 0.0640625 0.0796875
9 0.3109375 0.709375 0.0578125 0.065625
9 0.2640625 0.740625 0.0453125 0.04375
9 0.7140625 0.66015625 0.071875 0.078125
9 0.76171875 0.7328125 0.0984375 0.065625
9 0.63125 0.78515625 0.0734375 0.0703125
9 0.565625 0.6625 0.0390625 0.05
3 0.3875 0.24453125 0.1484375 0.1984375
3 0.42734375 0.4125 0.1328125 0.1625
9 0.3015625 0.5984375 0.0625 0.059375
9 0.5265625 0.77578125 0.0484375 0.059375
9 0.5890625 0.75 0.0515625 0.0609375
3 0.14453125 0.70625 0.1078125 0.14375
3 0.0546875 0.56640625 0.078125 0.09375
3 0.065625 0.45625 0.0640625 0.0703125
3 0.13671875 0.47109375 0.05 0.065625
3 0.66015625 0.48046875 0.1015625 0.0859375
9 0.628125 0.875 0.0625 0.0671875
9 0.521875 0.91484375 0.0609375 0.0515625
9 0.6890625 0.9 0.053125 0.059375
9 0.36640625 0.86875 0.1078125 0.0671875
9 0.4890625 0.88046875 0.0671875 0.0640625
9 0.590625 0.80078125 0.0453125 0.0453125
9 0.559375 0.7625 0.0421875 0.04375
9 0.7921875 0.703125 0.0765625 0.0578125
9 0.68984375 0.5984375 0.05625 0.0609375
9 0.584375 0.5546875 0.05625 0.0515625
9 0.7421875 0.815625 0.0796875 0.0625
9 0.54921875 0.50703125 0.053125 0.0546875
9 0.60234375 0.60390625 0.040625 0.046875
3 0.70859375 0.15703125 0.165625 0.246875
3 0.56640625 0.1921875 0.0546875 0.071875
3 0.590625 0.3140625 0.0546875 0.084375
3 0.58359375 0.1203125 0.1015625 0.0765625
9 0.31015625 0.778125 0.0578125 0.0421875
9 0.49375 0.68984375 0.059375 0.0484375
9 0.51875 0.67578125 0.0515625 0.0421875
9 0.465625 0.6703125 0.0484375 0.0484375
9 0.515625 0.61015625 0.06875 0.0890625
9 0.44296875 0.88046875 0.0359375 0.034375
9 0.278125 0.825 0.0453125 0.04375
9 0.24140625 0.8 0.046875 0.0578125
9 0.66796875 0.740625 0.0578125 0.065625
9 0.46796875 0.62421875 0.053125 0.05625
9 0.50625 0.4921875 0.0578125 0.065625
9 0.49921875 0.540625 0.0421875 0.0328125
9 0.4859375 0.5046875 0.078125 0.0734375
9 0.64765625 0.6609375 0.0515625 0.0640625
9 0.68125 0.80625 0.04375 0.0421875
9 0.503125 0.7625 0.0484375 0.046875
9 0.48046875 0.7875 0.0484375 0.040625
9 0.375 0.7390625 0.0453125 0.04375
9 0.35078125 0.696875 0.03125 0.03125
9 0.29765625 0.65859375 0.0421875 0.04375
9 0.253125 0.68671875 0.0546875 0.0375
9 0.275 0.678125 0.034375 0.03125
9 0.24765625 0.71875 0.0546875 0.0609375
9 0.43671875 0.8328125 0.0640625 0.0484375
9 0.2953125 0.5625 0.05 0.0453125
9 0.40546875 0.60546875 0.05 0.046875
9 0.4421875 0.615625 0.0609375 0.0828125
3 0.303125 0.25390625 0.1375 0.1859375
3 0.190625 0.1015625 0.15 0.2015625
3 0.47734375 0.25 0.1859375 0.1703125