0 0.62109375 0.1859375 0.1 0.253125
0 0.48046875 0.19765625 0.128125 0.275
0 0.496875 0.45625 0.0515625 0.153125
0 0.390625 0.62890625 0.10625 0.1484375
0 0.128125 0.1328125 0.1421875 0.2609375
0 0.23671875 0.37734375 0.075 0.1609375
0 0.88359375 0.55390625 0.1046875 0.3671875
0 0.80390625 0.8453125 0.121875 0.30625
0 0.790625 0.64765625 0.059375 0.1203125
2 0.6203125 0.56875 0.0796875 0.1421875
2 0.29453125 0.69375 0.053125 0.2328125
2 0.03125 0.34375 0.0625 0.1828125
0 0.67890625 0.7390625 0.078125 0.2328125
2 0.490625 0.6296875 0.0875 0.1453125
2 0.1828125 0.72109375 0.0734375 0.1078125
2 0.18828125 0.8234375 0.0765625 0.0875
2 0.96171875 0.21171875 0.0703125 0.1890625
0 0.5515625 0.92109375 0.096875 0.128125
2 0.05546875 0.73515625 0.0703125 0.2046875