0 0.765625 0.6203125 0.2453125 0.2484375
0 0.6453125 0.7015625 0.2359375 0.2390625
0 0.5078125 0.528125 0.1375 0.140625
0 0.31640625 0.4765625 0.1765625 0.178125
0 0.48359375 0.92734375 0.2953125 0.1453125
0 0.37265625 0.74921875 0.128125 0.13125
0 0.71015625 0.2015625 0.3140625 0.3203125
0 0.4609375 0.09765625 0.2875 0.1953125
0 0.584375 0.1984375 0.121875 0.1234375
0 0.51875 0.36796875 0.15 0.1515625
3 0.25390625 0.91796875 0.1640625 0.1640625
0 0.446875 0.209375 0.209375 0.2125
3 0.10859375 0.553125 0.134375 0.134375
3 0.05078125 0.471875 0.1015625 0.109375
0 0.2328125 0.16015625 0.1625 0.1640625
3 0.05546875 0.62734375 0.1109375 0.1890625
3 0.8640625 0.20078125 0.0796875 0.0796875
3 0.80859375 0.1453125 0.1125 0.1125
0 0.29453125 0.103125 0.140625 0.1421875
3 0.3890625 0.3234375 0.09375 0.09375
0 0.45390625 0.37578125 0.1109375 0.1109375
3 0.903125 0.30390625 0.1390625 0.1390625
0 0.6390625 0.35625 0.23125 0.234375
0 0.6328125 0.48671875 0.175 0.175
0 0.63359375 0.4859375 0.175 0.175
0 0.38359375 0.41171875 0.1515625 0.153125
0 0.46953125 0.57734375 0.1328125 0.1359375
0 0.53984375 0.63515625 0.215625 0.2171875
0 0.20078125 0.309375 0.309375 0.3125
0 0.23984375 0.44921875 0.1328125 0.134375
0 0.20390625 0.49609375 0.2046875 0.2078125
3 0.10390625 0.39921875 0.0765625 0.075
0 0.0546875 0.36796875 0.109375 0.1171875
3 0.01953125 0.459375 0.0390625 0.1
0 0.1375 0.66875 0.1859375 0.1890625
0 0.24765625 0.7109375 0.190625 0.19375
0 0.3140625 0.6359375 0.1375 0.1390625
0 0.30703125 0.56328125 0.146875 0.15
3 0.43203125 0.7578125 0.1296875 0.1328125
3 0.4984375 0.696875 0.1640625 0.165625
3 0.44140625 0.61875 0.0859375 0.0859375
0 0.3890625 0.875 0.28125 0.25
3 0.484375 0.8640625 0.109375 0.109375
3 0.4265625 0.82734375 0.0453125 0.0453125
3 0.334375 0.9796875 0.075 0.040625
3 0.11796875 0.78828125 0.078125 0.078125
3 0.109375 0.73828125 0.140625 0.1421875
0 0.60625 0.96015625 0.1125 0.0796875
3 0.54296875 0.075 0.0671875 0.0671875
3 0.5 0.1703125 0.078125 0.078125
3 0.52578125 0.034375 0.1203125 0.06875
3 0.93125 0.31875 0.0484375 0.0484375
8 0.58515625 0.45703125 0.0421875 0.0421875
8 0.49921875 0.24140625 0.05 0.05