0 0.29453125 0.70703125 0.19375 0.265625
0 0.4359375 0.740625 0.19375 0.246875
0 0.503125 0.52890625 0.1015625 0.1546875
0 0.66328125 0.4125 0.1515625 0.178125
0 0.69453125 0.9046875 0.2390625 0.190625
0 0.70859375 0.68671875 0.1 0.140625
0 0.196875 0.296875 0.2265625 0.3625
0 0.37421875 0.11171875 0.2203125 0.2234375
0 0.31328125 0.2484375 0.0984375 0.1296875
0 0.43515625 0.38359375 0.1234375 0.15625
3 0.8796875 0.80390625 0.125 0.18125
0 0.4453125 0.209375 0.15625 0.2359375
3 0.884375 0.409375 0.1171875 0.1328125
3 0.9125 0.3125 0.09375 0.1078125
0 0.628125 0.08671875 0.1390625 0.1640625
3 0.9625 0.44609375 0.075 0.2078125
3 0.053125 0.35078125 0.0765625 0.071875
3 0.084375 0.2796875 0.0953125 0.1140625
0 0.54921875 0.06640625 0.1078125 0.1328125
3 0.53984375 0.2953125 0.0828125 0.090625
0 0.4984375 0.36796875 0.10625 0.0984375
3 0.05703125 0.46171875 0.1140625 0.1359375
0 0.31875 0.415625 0.18125 0.2515625
0 0.37109375 0.53515625 0.15 0.175
0 0.3703125 0.53515625 0.15 0.175
0 0.57734375 0.37578125 0.1234375 0.159375
0 0.55625 0.5609375 0.103125 0.1453125
0 0.51171875 0.640625 0.1703125 0.23125
0 0.7109375 0.21484375 0.240625 0.3359375
0 0.72421875 0.359375 0.1078125 0.1421875
0 0.775 0.38984375 0.1515625 0.2328125
3 0.83359375 0.2640625 0.0734375 0.0671875
0 0.87265625 0.21640625 0.096875 0.1203125
3 0.96015625 0.28046875 0.0796875 0.1015625
0 0.89921875 0.52734375 0.1375 0.209375
0 0.8109375 0.60625 0.1421875 0.215625
0 0.721875 0.56015625 0.109375 0.146875
0 0.703125 0.48984375 0.0984375 0.1765625
3 0.65625 0.71640625 0.09375 0.15
3 0.57265625 0.68359375 0.134375 0.171875
3 0.59765625 0.58984375 0.078125 0.08125
0 0.74453125 0.82578125 0.2296875 0.29375
3 0.6453125 0.834375 0.0875 0.115625
3 0.6859375 0.7796875 0.0421875 0.0421875
0 0.7078125 0.98203125 0.09375 0.0359375
3 0.8328125 0.90546875 0.0640625 0.075
0 0.81640625 0.94375 0.1109375 0.1125
3 0.96015625 0.63203125 0.06875 0.075
3 0.946875 0.5828125 0.10625 0.15
0 0.57109375 0.96796875 0.1140625 0.0640625
3 0.3078125 0.11875 0.0625 0.0625
3 0.38203125 0.1921875 0.0671875 0.0765625
3 0.2984375 0.05859375 0.090625 0.1171875
3 0.0328125 0.4859375 0.0453125 0.04375
8 0.4046875 0.48984375 0.034375 0.04375
8 0.40859375 0.25859375 0.040625 0.0515625