3 0.65 0.1859375 0.05625 0.059375
3 0.66015625 0.39296875 0.04375 0.0640625
3 0.4828125 0.21328125 0.040625 0.059375
3 0.47109375 0.3484375 0.0484375 0.071875
3 0.38828125 0.259375 0.0484375 0.0578125
3 0.3484375 0.21640625 0.040625 0.034375
3 0.76875 0.43125 0.0796875 0.0671875
3 0.834375 0.4 0.1 0.096875
3 0.72421875 0.28828125 0.075 0.0578125
3 0.61875 0.37578125 0.0453125 0.090625
3 0.9078125 0.8765625 0.090625 0.1515625
3 0.95078125 0.7796875 0.0625 0.09375
3 0.3546875 0.728125 0.1109375 0.184375
3 0.4375 0.58125 0.1125 0.153125
3 0.353125 0.3625 0.0546875 0.05
3 0.59296875 0.259375 0.075 0.0625
3 0.6671875 0.3078125 0.040625 0.0515625