9 0.6 0.60703125 0.08125 0.0765625
9 0.5921875 0.334375 0.10625 0.0953125
9 0.809375 0.51328125 0.1 0.1234375
9 0.24921875 0.65390625 0.2109375 0.11875
9 0.11953125 0.46484375 0.1875 0.1046875
9 0.1921875 0.31953125 0.2 0.1828125
9 0.6015625 0.43984375 0.1609375 0.1328125
9 0.65703125 0.68203125 0.2125 0.125
9 0.2671875 0.5140625 0.053125 0.0578125
9 0.2890625 0.4640625 0.059375 0.0484375
9 0.29140625 0.40546875 0.121875 0.0796875
9 0.40859375 0.37109375 0.0609375 0.059375
9 0.4875 0.76953125 0.090625 0.0546875
9 0.403125 0.65078125 0.053125 0.0390625
9 0.840625 0.6203125 0.059375 0.0515625
9 0.75625 0.66171875 0.0625 0.0421875
9 0.34296875 0.7953125 0.08125 0.0546875
9 0.33046875 0.58515625 0.090625 0.0578125
9 0.55234375 0.23203125 0.0734375 0.0734375
9 0.40390625 0.2359375 0.05 0.0453125
9 0.3171875 0.2125 0.1453125 0.0875
9 0.36796875 0.296875 0.0359375 0.0375
9 0.246875 0.9265625 0.0375 0.04375
9 0.26640625 0.8921875 0.0640625 0.05625
9 0.5546875 0.72109375 0.0625 0.0546875
9 0.87421875 0.61015625 0.065625 0.0625
9 0.53046875 0.40703125 0.0703125 0.06875
9 0.5078125 0.35234375 0.0484375 0.040625
9 0.50625 0.3265625 0.06875 0.0515625