9 0.6390625 0.54765625 0.0828125 0.078125
9 0.503125 0.3109375 0.1078125 0.096875
9 0.7796875 0.36640625 0.103125 0.1265625
9 0.35 0.75390625 0.2125 0.125
9 0.14765625 0.64765625 0.1890625 0.1109375
9 0.14375 0.48515625 0.203125 0.1875
9 0.5609375 0.39921875 0.1625 0.1359375
9 0.72421875 0.5875 0.2140625 0.13125
9 0.30078125 0.62109375 0.0546875 0.059375
9 0.296875 0.5671875 0.0609375 0.0484375
9 0.271875 0.5140625 0.121875 0.0828125
9 0.35859375 0.4296875 0.0625 0.059375
9 0.615625 0.74375 0.090625 0.0578125
9 0.4859375 0.67890625 0.0546875 0.040625
9 0.85703125 0.44609375 0.0609375 0.053125
9 0.80234375 0.52265625 0.0625 0.04375
9 0.5 0.83515625 0.08125 0.05625
9 0.38984375 0.6546875 0.0921875 0.0609375
9 0.4203125 0.2390625 0.075 0.075
9 0.29140625 0.31171875 0.0515625 0.0453125
9 0.203125 0.33203125 0.1453125 0.090625
9 0.28828125 0.3828125 0.0359375 0.0390625
9 0.47578125 0.98671875 0.0390625 0.0265625
9 0.478125 0.95546875 0.065625 0.0578125
9 0.65234375 0.66953125 0.0625 0.05625
9 0.8828125 0.421875 0.0671875 0.0640625
9 0.4828125 0.403125 0.071875 0.06875
9 0.4375 0.36640625 0.05 0.0421875
9 0.42421875 0.34375 0.06875 0.053125