9 0.6453125 0.52265625 0.0890625 0.0859375
9 0.4703125 0.31328125 0.115625 0.1078125
9 0.75234375 0.31953125 0.1171875 0.1328125
9 0.396875 0.77578125 0.2125 0.153125
9 0.178125 0.70703125 0.1890625 0.1359375
9 0.14609375 0.54765625 0.2171875 0.20625
9 0.54296875 0.390625 0.1703125 0.153125
9 0.7359375 0.546875 0.215625 0.159375
9 0.325 0.65390625 0.0609375 0.0625
9 0.31171875 0.6015625 0.0640625 0.05625
9 0.27734375 0.55390625 0.125 0.0984375
9 0.34921875 0.4546875 0.0671875 0.065625
9 0.65625 0.7203125 0.0921875 0.06875
9 0.51640625 0.678125 0.05625 0.046875
9 0.8421875 0.38515625 0.0640625 0.059375
9 0.8015625 0.46953125 0.0640625 0.0515625
9 0.5578125 0.8296875 0.0828125 0.065625
9 0.41875 0.671875 0.09375 0.071875
9 0.3765625 0.25703125 0.08125 0.08125
9 0.26171875 0.35078125 0.0546875 0.05
9 0.17890625 0.3859375 0.146875 0.109375
9 0.27109375 0.42109375 0.0390625 0.040625
9 0.56328125 0.984375 0.0421875 0.03125
9 0.5578125 0.95234375 0.06875 0.0640625
9 0.6796875 0.640625 0.0671875 0.0625
9 0.86328125 0.35625 0.071875 0.0703125
9 0.46640625 0.4078125 0.0765625 0.075
9 0.41484375 0.37890625 0.053125 0.046875
9 0.3984375 0.359375 0.071875 0.0609375