9 0.3453125 0.20859375 0.0734375 0.0578125
9 0.39921875 0.1625 0.05625 0.096875
9 0.596875 0.91015625 0.0578125 0.084375
9 0.58359375 0.80546875 0.0609375 0.059375
9 0.5890625 0.86484375 0.059375 0.0421875
9 0.06640625 0.571875 0.109375 0.115625
9 0.09140625 0.65703125 0.1078125 0.103125
9 0.55625 0.56484375 0.0671875 0.0953125
9 0.58828125 0.42578125 0.075 0.096875
9 0.65703125 0.36484375 0.0859375 0.1140625
9 0.6890625 0.33359375 0.1 0.1796875
9 0.45 0.46875 0.0859375 0.0796875
9 0.4203125 0.628125 0.096875 0.1
9 0.51171875 0.69375 0.075 0.1265625
9 0.4640625 0.22421875 0.05 0.0921875