9 0.57421875 0.178125 0.08125 0.06875
9 0.51015625 0.1484375 0.071875 0.103125
9 0.5125 0.92109375 0.071875 0.0921875
9 0.4984375 0.81640625 0.0703125 0.0703125
9 0.5078125 0.87578125 0.065625 0.053125
9 0.93671875 0.45703125 0.1265625 0.1328125
9 0.9359375 0.54609375 0.1234375 0.1203125
9 0.4625 0.5765625 0.0828125 0.10625
9 0.39609375 0.45078125 0.090625 0.1078125
9 0.31328125 0.41015625 0.1046875 0.1265625
9 0.27421875 0.38828125 0.13125 0.19375
9 0.540625 0.45703125 0.0984375 0.09375
9 0.61015625 0.603125 0.1125 0.115625
9 0.5390625 0.68984375 0.096875 0.1375
9 0.46328125 0.22421875 0.065625 0.0984375