3 0.70390625 0.81484375 0.078125 0.0578125
3 0.64921875 0.86875 0.0609375 0.1171875
3 0.42578125 0.0765625 0.0625 0.084375
3 0.4421875 0.1859375 0.065625 0.059375
3 0.43515625 0.12265625 0.0625 0.0421875
3 0.96484375 0.4515625 0.0671875 0.121875
3 0.94375 0.36328125 0.109375 0.1078125
3 0.4765625 0.43671875 0.0734375 0.0984375
3 0.4375 0.578125 0.0828125 0.0984375
3 0.39140625 0.63828125 0.0640625 0.1140625
3 0.39140625 0.7390625 0.0578125 0.0578125
3 0.58984375 0.53984375 0.0921875 0.0828125
3 0.6203125 0.3765625 0.1140625 0.128125
3 0.51953125 0.30390625 0.0828125 0.13125