3 0.5984375 0.7890625 0.075 0.05625
3 0.53984375 0.84296875 0.059375 0.1140625
3 0.4125 0.08203125 0.0609375 0.0828125
3 0.415625 0.1875 0.0640625 0.0578125
3 0.415625 0.1265625 0.0609375 0.040625
3 0.9140625 0.4328125 0.1078125 0.1140625
3 0.8890625 0.346875 0.11875 0.1015625
3 0.42109375 0.428125 0.0703125 0.09375
3 0.36640625 0.56640625 0.0796875 0.0953125
3 0.315625 0.62578125 0.0625 0.1109375
3 0.30390625 0.7234375 0.05625 0.05625
3 0.51796875 0.5265625 0.0890625 0.08125
3 0.565625 0.36640625 0.1109375 0.1234375
3 0.47734375 0.3 0.0796875 0.1265625