3 0.340625 0.78359375 0.075 0.0609375
3 0.396875 0.834375 0.05625 0.11875
3 0.5859375 0.04296875 0.0578125 0.0859375
3 0.57421875 0.15078125 0.0625 0.0625
3 0.57890625 0.08828125 0.059375 0.0453125
3 0.0484375 0.4375 0.096875 0.1234375
3 0.0765625 0.35 0.1171875 0.109375
3 0.55 0.39921875 0.06875 0.1
3 0.59453125 0.5375 0.078125 0.1
3 0.64296875 0.59453125 0.059375 0.1171875
3 0.64765625 0.69453125 0.0546875 0.0609375
3 0.44296875 0.50703125 0.0875 0.0859375
3 0.40625 0.34609375 0.1078125 0.13125
3 0.5015625 0.27109375 0.0765625 0.1328125