9 0.1984375 0.365625 0.0890625 0.0875
9 0.2125 0.29609375 0.1015625 0.10625
9 0.82890625 0.76328125 0.0953125 0.0984375
9 0.75390625 0.6890625 0.0828125 0.0828125
9 0.7953125 0.7328125 0.0703125 0.06875
9 0.20234375 0.82421875 0.153125 0.1546875
9 0.275 0.87578125 0.14375 0.14375
9 0.58359375 0.51640625 0.109375 0.1125
9 0.5234375 0.3875 0.115625 0.11875
9 0.540625 0.296875 0.134375 0.1375
9 0.546875 0.253125 0.1859375 0.1953125
9 0.44140625 0.50625 0.1140625 0.1125
9 0.515625 0.65 0.134375 0.134375
9 0.628125 0.6453125 0.134375 0.140625
9 0.3015625 0.30546875 0.09375 0.0984375