9 0.146875 0.43671875 0.15 0.140625
9 0.353125 0.30625 0.2703125 0.278125
9 0.8640625 0.5734375 0.271875 0.4
9 0.6515625 0.75703125 0.2453125 0.2515625
9 0.41796875 0.7609375 0.5046875 0.478125
9 0.70546875 0.4875 0.2515625 0.2671875
9 0.47109375 0.40234375 0.2140625 0.2046875
9 0.30546875 0.54375 0.1875 0.1796875
9 0.0546875 0.53671875 0.109375 0.1921875
9 0.21796875 0.43203125 0.078125 0.075
9 0.26640625 0.5390625 0.08125 0.0796875
9 0.3515625 0.5078125 0.1390625 0.1328125
9 0.16875 0.2765625 0.25625 0.2671875
9 0.30390625 0.43828125 0.065625 0.0625