9 0.42890625 0.46640625 0.0734375 0.084375
9 0.5421875 0.37265625 0.0828125 0.0796875
9 0.590625 0.590625 0.0859375 0.090625
9 0.52421875 0.56484375 0.059375 0.071875
9 0.58671875 0.49453125 0.071875 0.0921875
9 0.421875 0.6515625 0.125 0.1421875
9 0.37265625 0.61953125 0.1140625 0.153125
9 0.49140625 0.78671875 0.1828125 0.234375
9 0.55390625 0.88671875 0.1609375 0.2265625
9 0.63046875 0.6578125 0.1328125 0.1421875
9 0.56796875 0.63984375 0.0578125 0.0671875
9 0.64375 0.9046875 0.16875 0.190625
9 0.66640625 0.759375 0.1375 0.14375
9 0.546875 0.51171875 0.1015625 0.0921875
3 0.72890625 0.31171875 0.25625 0.340625
3 0.8578125 0.33671875 0.1828125 0.2484375
3 0.9234375 0.42109375 0.153125 0.2265625
3 0.8640625 0.58359375 0.2515625 0.2359375
3 0.7328125 0.59375 0.0921875 0.0890625
3 0.7578125 0.4265625 0.0859375 0.0890625
3 0.76796875 0.45234375 0.0765625 0.09375
3 0.70546875 0.746875 0.234375 0.2515625
3 0.26953125 0.84921875 0.19375 0.215625
3 0.25625 0.6421875 0.2015625 0.19375
3 0.11640625 0.61875 0.23125 0.325
3 0.153125 0.73046875 0.221875 0.2140625
3 0.409375 0.93125 0.159375 0.1375
3 0.08828125 0.8125 0.1421875 0.1375
3 0.034375 0.6578125 0.06875 0.203125
9 0.31171875 0.3328125 0.1953125 0.184375
9 0.42109375 0.284375 0.0796875 0.1015625
9 0.2890625 0.4359375 0.171875 0.1734375
9 0.3859375 0.11015625 0.2359375 0.203125
9 0.19609375 0.05390625 0.1171875 0.1078125
9 0.26640625 0.08359375 0.0765625 0.0828125
9 0.56015625 0.10859375 0.1640625 0.2171875
9 0.48828125 0.0609375 0.1828125 0.121875
9 0.390625 0.41796875 0.115625 0.159375
9 0.36875 0.51171875 0.0890625 0.0765625
9 0.43125 0.56484375 0.0890625 0.09375
9 0.4671875 0.546875 0.0734375 0.065625
9 0.57109375 0.26015625 0.1734375 0.1984375