9 0.4296875 0.46484375 0.078125 0.0859375
9 0.42578125 0.61171875 0.0859375 0.084375
9 0.62734375 0.515625 0.090625 0.09375
9 0.565625 0.4796875 0.0640625 0.0734375
9 0.5484375 0.571875 0.078125 0.0921875
9 0.571875 0.3453125 0.1328125 0.1453125
9 0.515625 0.3265625 0.1234375 0.153125
9 0.7203125 0.31640625 0.196875 0.2359375
9 0.83984375 0.303125 0.1765625 0.228125
9 0.7046875 0.50546875 0.1390625 0.1453125
9 0.65234375 0.4671875 0.0609375 0.06875
9 0.91328125 0.35546875 0.1734375 0.2171875
9 0.80703125 0.471875 0.14375 0.1484375
9 0.53828125 0.5296875 0.103125 0.096875
3 0.49296875 0.79609375 0.278125 0.3390625
3 0.59140625 0.87890625 0.1984375 0.2421875
3 0.71953125 0.89609375 0.2296875 0.2078125
3 0.78984375 0.7359375 0.259375 0.246875
3 0.7171875 0.62578125 0.0953125 0.0921875
3 0.60078125 0.74765625 0.0890625 0.0921875
3 0.62734375 0.740625 0.0828125 0.0953125
3 0.8203125 0.51015625 0.2453125 0.2578125
3 0.63359375 0.10625 0.2046875 0.2125
3 0.46171875 0.22109375 0.2078125 0.2015625
3 0.35625 0.14296875 0.253125 0.2859375
3 0.46796875 0.0984375 0.2296875 0.196875
3 0.7921875 0.1578125 0.1640625 0.1625
3 0.4921875 0.02734375 0.146875 0.0546875
3 0.31015625 0.0515625 0.1703125 0.103125
9 0.2515625 0.4546875 0.2015625 0.1921875
9 0.28125 0.57109375 0.0859375 0.1015625
9 0.31953125 0.3734375 0.178125 0.1796875
9 0.12265625 0.65 0.2390625 0.215625
9 0.03359375 0.571875 0.0671875 0.084375
9 0.22265625 0.79296875 0.18125 0.2328125
9 0.12265625 0.78046875 0.190625 0.1921875
9 0.36796875 0.4640625 0.1265625 0.159375
9 0.428125 0.38984375 0.090625 0.08125
9 0.50859375 0.40546875 0.09375 0.096875
9 0.5171875 0.4453125 0.075 0.06875
9 0.3546875 0.70390625 0.184375 0.2015625