9 0.85390625 0.5546875 0.1578125 0.1109375
9 0.70234375 0.3640625 0.23125 0.275
9 0.12578125 0.43125 0.2515625 0.378125
9 0.2734375 0.69375 0.2109375 0.246875
9 0.4890625 0.7796875 0.478125 0.440625
9 0.309375 0.42109375 0.1984375 0.28125
9 0.559375 0.4171875 0.2171875 0.1671875
9 0.66953125 0.6046875 0.19375 0.14375
9 0.92421875 0.69375 0.1515625 0.15625
9 0.7890625 0.52734375 0.0828125 0.0578125
9 0.70859375 0.61328125 0.08125 0.0671875
9 0.6375 0.55546875 0.146875 0.1046875
9 0.8859375 0.39609375 0.2078125 0.2765625
9 0.70546875 0.50546875 0.06875 0.05