3 0.3547755765625 0.7591849234375 0.30033239843750004 0.76496785625 0.3715525375 0.8615441562499999 0.43096309843749997 0.8907102874999999 0.46332202499999997 0.86438494375 0.47208721249999996 0.8319826453125 0.43179010937499995 0.7899143984375 0.3547755765625 0.7591849234375
3 0.620466421875 0.772162096875 0.5436472609375 0.8117930609374999 0.5743267453125 0.858316115625 0.606272165625 0.8823887171875 0.734345578125 0.9242886765625 0.7231448781250001 0.8768410031249999 0.6797552062500001 0.7973357296875 0.620466421875 0.772162096875
3 0.53984375 0.53046875 0.3125 0.325
3 0.77109375 0.3890625 0.3875 0.4234375
3 0.1734375 0.353125 0.153125 0.1390625
3 0.240625 0.475 0.16875 0.16875
3 0.4515625 0.346875 0.20625 0.1984375
3 0.57890625 0.2796875 0.2 0.1796875
3 0.64375 0.14140625 0.2515625 0.2671875
3 0.48203125 0.1140625 0.1984375 0.21875
3 0.28046875 0.19921875 0.178125 0.1734375