3 0.5703692 0.1743625078125 0.571460525 0.1408133421875 0.5482123156250001 0.10617745625 0.48287036250000004 0.1166992 0.3865260265625 0.18823282187499998 0.43689953125000003 0.20968071250000003 0.519533325 0.202810840625 0.5703692 0.1743625078125
3 0.8235721546875 0.2048664046875 0.8481557953125 0.16276673749999998 0.7134282187500001 0.16539082656249998 0.6758405140625 0.17907163125 0.6328995515625 0.21459203750000003 0.6947751078125 0.274951065625 0.7588333125 0.2682117625 0.8235721546875 0.2048664046875
3 0.546875 0.48203125 0.2734375 0.3109375
3 0.72734375 0.68515625 0.315625 0.4265625
3 0.14453125 0.54453125 0.1546875 0.1109375
3 0.2453125 0.4484375 0.1546875 0.1546875
3 0.409375 0.63203125 0.196875 0.1734375
3 0.5109375 0.73359375 0.2046875 0.14375
3 0.5328125 0.87734375 0.215625 0.2453125
3 0.36953125 0.8640625 0.159375 0.2203125
3 0.20234375 0.7234375 0.1671875 0.153125