9 0.57890625 0.49375 0.0578125 0.0765625
9 0.52734375 0.63125 0.0703125 0.0671875
9 0.3765625 0.4671875 0.071875 0.0796875
9 0.446875 0.45625 0.046875 0.065625
9 0.428125 0.5484375 0.053125 0.0859375
9 0.49140625 0.3296875 0.1 0.128125
9 0.55 0.33359375 0.08125 0.1453125
9 0.3640625 0.24765625 0.134375 0.2203125
9 0.25859375 0.190625 0.109375 0.2234375
9 0.3078125 0.428125 0.109375 0.1234375
9 0.37109375 0.4125 0.04375 0.0625
9 0.16640625 0.21015625 0.125 0.2015625
9 0.22578125 0.35859375 0.1140625 0.125
9 0.45390625 0.51328125 0.0890625 0.075
3 0.3953125 0.77734375 0.184375 0.321875
3 0.271875 0.8203125 0.128125 0.2375
3 0.14296875 0.79765625 0.184375 0.1953125
3 0.14296875 0.61015625 0.2203125 0.19375
3 0.2515625 0.53515625 0.0796875 0.0734375
3 0.31328125 0.6921875 0.071875 0.0765625
3 0.29140625 0.675 0.0578125 0.0875
3 0.19921875 0.3890625 0.1921875 0.2203125
3 0.525 0.0890625 0.15625 0.178125
3 0.63984375 0.25546875 0.1734375 0.1609375
3 0.7734375 0.20546875 0.159375 0.3140625
3 0.68515625 0.12734375 0.1921875 0.178125
3 0.35703125 0.07265625 0.1375 0.13125
3 0.70078125 0.040625 0.1234375 0.08125
3 0.86171875 0.10859375 0.1171875 0.190625
3 0.90078125 0.04921875 0.1015625 0.0984375
9 0.746875 0.55078125 0.1703125 0.1515625
9 0.6765625 0.64765625 0.059375 0.09375
9 0.71484375 0.45 0.1453125 0.1484375
9 0.79375 0.78046875 0.2125 0.159375
9 0.9703125 0.7421875 0.059375 0.109375
9 0.9109375 0.74375 0.0625 0.071875
9 0.64765625 0.87578125 0.1125 0.228125
9 0.7453125 0.9015625 0.1546875 0.159375
9 0.6359375 0.51640625 0.0796875 0.153125
9 0.6078125 0.42421875 0.08125 0.059375
9 0.52734375 0.409375 0.075 0.08125
9 0.5046875 0.44296875 0.0671875 0.0515625
9 0.5578125 0.74296875 0.1390625 0.178125