3 0.63653530625 0.19610904843750002 0.644578046875 0.1635199109375 0.6290390718750001 0.12480732812499999 0.5629374031250001 0.121513790625 0.45382574687500005 0.1714531171875 0.49863920312500004 0.20290556093749998 0.580895575 0.2133663421875 0.63653530625 0.19610904843750002
3 0.8778630515625 0.278590215625 0.91066249375 0.242521753125 0.778333459375 0.21707706093749998 0.7387227359375 0.22264398437500002 0.6893350296875 0.24846025625 0.7373091078125 0.320364946875 0.80136866875 0.3270913640625 0.8778630515625 0.278590215625
3 0.54921875 0.4921875 0.2296875 0.284375
3 0.68359375 0.728125 0.2484375 0.40625
3 0.14296875 0.46953125 0.1484375 0.0875
3 0.26171875 0.39609375 0.1359375 0.1359375
3 0.38359375 0.61015625 0.1796875 0.146875
3 0.4625 0.73125 0.196875 0.109375
3 0.4515625 0.88125 0.178125 0.2375
3 0.296875 0.82890625 0.1234375 0.2109375
3 0.1625 0.65625 0.1515625 0.13125