6 0.95859375 0.25703125 0.08125 0.075
6 0.29921875 0.49609375 0.121875 0.1375
6 0.10078125 0.43046875 0.096875 0.075
6 0.54140625 0.5 0.2765625 0.134375
6 0.6234375 0.62890625 0.190625 0.1203125
6 0.4203125 0.8 0.23125 0.184375
6 0.278125 0.659375 0.26875 0.13125
6 0.4421875 0.26640625 0.1859375 0.084375
6 0.61171875 0.33828125 0.178125 0.084375
6 0.15703125 0.3171875 0.1234375 0.06875
6 0.95078125 0.34296875 0.096875 0.096875
6 0.88984375 0.2265625 0.0578125 0.0625
6 0.03203125 0.5640625 0.0609375 0.1125
6 0.05546875 0.7453125 0.090625 0.1125
6 0.034375 0.66640625 0.06875 0.0375
6 0.0734375 0.6375 0.0875 0.028125