6 0.92265625 0.759375 0.146875 0.1390625
6 0.50390625 0.4515625 0.05625 0.18125
6 0.746875 0.4203125 0.0734375 0.2796875
6 0.60859375 0.28671875 0.0515625 0.0609375
6 0.8625 0.91640625 0.153125 0.165625
6 0.653125 0.1140625 0.09375 0.225
6 0.4671875 0.1546875 0.1046875 0.184375
6 0.47265625 0.77734375 0.125 0.315625
6 0.19765625 0.15625 0.075 0.140625
6 0.2375 0.365625 0.0421875 0.1125
6 0.44375 0.62265625 0.09375 0.19375
6 0.22734375 0.67578125 0.1375 0.2953125
6 0.33671875 0.5359375 0.075 0.0671875