6 0.75703125 0.43828125 0.128125 0.19375
6 0.63359375 0.74765625 0.453125 0.36875
6 0.1296875 0.52265625 0.259375 0.2109375
6 0.87734375 0.115625 0.2109375 0.23125
6 0.59765625 0.50234375 0.265625 0.1390625
6 0.48671875 0.20078125 0.13125 0.1
6 0.29375 0.23125 0.25625 0.18125
6 0.06171875 0.25 0.121875 0.165625
6 0.2 0.35234375 0.265625 0.096875
6 0.73203125 0.25703125 0.3625 0.16875
6 0.26171875 0.08515625 0.1625 0.146875
6 0.2203125 0.675 0.2828125 0.15625
6 0.284375 0.80546875 0.20625 0.046875
6 0.58671875 0.1 0.1484375 0.15625