6 0.65546875 0.2078125 0.346875 0.225
6 0.1765625 0.42734375 0.165625 0.0984375
6 0.1078125 0.31171875 0.1625 0.13125
6 0.2828125 0.3203125 0.178125 0.1390625
6 0.14921875 0.5234375 0.296875 0.109375
6 0.51015625 0.36875 0.1453125 0.1671875
6 0.4921875 0.65625 0.21875 0.1375
6 0.41328125 0.79375 0.284375 0.165625
6 0.7625 0.36015625 0.1453125 0.1625
6 0.89296875 0.353125 0.2140625 0.309375
6 0.09140625 0.10078125 0.1828125 0.184375
6 0.44140625 0.23515625 0.1234375 0.1171875
6 0.50625 0.51875 0.1359375 0.140625
6 0.72890625 0.5375 0.31875 0.1953125
6 0.16796875 0.62890625 0.25625 0.121875