6 0.690625 0.1109375 0.25625 0.221875
6 0.69140625 0.52421875 0.28125 0.1953125
6 0.46484375 0.7078125 0.1625 0.09375
6 0.4453125 0.296875 0.23125 0.215625
6 0.33125 0.50078125 0.284375 0.1625
6 0.46796875 0.59765625 0.1734375 0.071875
6 0.246875 0.1125 0.046875 0.134375
6 0.14140625 0.16875 0.15625 0.1703125
6 0.1890625 0.5921875 0.2125 0.125
6 0.0546875 0.396875 0.0828125 0.2328125
6 0.5203125 0.12734375 0.084375 0.06875
6 0.86796875 0.60625 0.14375 0.0921875
6 0.03671875 0.115625 0.0703125 0.1671875