6 0.25703125 0.04140625 0.075 0.08125
6 0.49609375 0.70078125 0.1375 0.121875
6 0.43046875 0.89921875 0.075 0.0984375
6 0.5 0.45859375 0.134375 0.2765625
6 0.62890625 0.3765625 0.1203125 0.190625
6 0.8 0.5796875 0.184375 0.23125
6 0.659375 0.721875 0.13125 0.26875
6 0.26640625 0.5578125 0.084375 0.1859375
6 0.33828125 0.38828125 0.084375 0.178125
6 0.3171875 0.84296875 0.06875 0.1234375
6 0.34296875 0.04921875 0.096875 0.096875
6 0.2265625 0.11015625 0.0625 0.0578125
6 0.5640625 0.96796875 0.1125 0.0609375
6 0.7453125 0.94453125 0.1125 0.0921875
6 0.66640625 0.965625 0.0375 0.06875
6 0.6375 0.9265625 0.028125 0.0875