6 0.759375 0.07734375 0.1390625 0.146875
6 0.4515625 0.49609375 0.18125 0.05625
6 0.4203125 0.253125 0.2796875 0.0734375
6 0.28671875 0.39140625 0.0609375 0.0515625
6 0.91640625 0.1375 0.165625 0.153125
6 0.1140625 0.346875 0.225 0.09375
6 0.1546875 0.5328125 0.184375 0.1046875
6 0.77734375 0.52734375 0.315625 0.125
6 0.15625 0.80234375 0.140625 0.075
6 0.365625 0.7625 0.1125 0.0421875
6 0.62265625 0.55625 0.19375 0.09375
6 0.67578125 0.77265625 0.2953125 0.1375
6 0.5359375 0.66328125 0.0671875 0.075