6 0.7921875 0.65546875 0.225 0.346875
6 0.57265625 0.1765625 0.0984375 0.165625
6 0.68828125 0.1078125 0.13125 0.1625
6 0.6796875 0.2828125 0.1390625 0.178125
6 0.4765625 0.14921875 0.109375 0.296875
6 0.63125 0.51015625 0.1671875 0.1453125
6 0.34375 0.4921875 0.1375 0.21875
6 0.20625 0.41328125 0.165625 0.284375
6 0.63984375 0.7625 0.1625 0.1453125
6 0.646875 0.89296875 0.309375 0.2140625
6 0.89921875 0.09140625 0.184375 0.1828125
6 0.76484375 0.44140625 0.1171875 0.1234375
6 0.48125 0.50625 0.140625 0.1359375
6 0.4625 0.72890625 0.1953125 0.31875
6 0.37109375 0.16796875 0.121875 0.25625