6 0.56171875 0.75703125 0.19375 0.128125
6 0.25234375 0.63359375 0.36875 0.453125
6 0.47734375 0.1296875 0.2109375 0.259375
6 0.884375 0.87734375 0.23125 0.2109375
6 0.49765625 0.59765625 0.1390625 0.265625
6 0.79921875 0.48671875 0.1 0.13125
6 0.76875 0.29375 0.18125 0.25625
6 0.75 0.06171875 0.165625 0.121875
6 0.64765625 0.2 0.096875 0.265625
6 0.74296875 0.73203125 0.16875 0.3625
6 0.91484375 0.26171875 0.146875 0.1625
6 0.325 0.2203125 0.15625 0.2828125
6 0.19453125 0.284375 0.046875 0.20625
6 0.9 0.58671875 0.15625 0.1484375