6 0.07734375 0.240625 0.146875 0.1390625
6 0.49609375 0.5484375 0.05625 0.18125
6 0.253125 0.5796875 0.0734375 0.2796875
6 0.39140625 0.71328125 0.0515625 0.0609375
6 0.1375 0.08359375 0.153125 0.165625
6 0.346875 0.8859375 0.09375 0.225
6 0.5328125 0.8453125 0.1046875 0.184375
6 0.52734375 0.22265625 0.125 0.315625
6 0.80234375 0.84375 0.075 0.140625
6 0.7625 0.634375 0.0421875 0.1125
6 0.55625 0.37734375 0.09375 0.19375
6 0.77265625 0.32421875 0.1375 0.2953125
6 0.66328125 0.4640625 0.075 0.0671875