6 0.1109375 0.309375 0.221875 0.25625
6 0.52421875 0.30859375 0.1953125 0.28125
6 0.7078125 0.53515625 0.09375 0.1625
6 0.296875 0.5546875 0.215625 0.23125
6 0.50078125 0.66875 0.1625 0.284375
6 0.59765625 0.53203125 0.071875 0.1734375
6 0.1125 0.753125 0.134375 0.046875
6 0.16875 0.85859375 0.1703125 0.15625
6 0.5921875 0.8109375 0.125 0.2125
6 0.396875 0.9453125 0.2328125 0.0828125
6 0.12734375 0.4796875 0.06875 0.084375
6 0.60625 0.13203125 0.090625 0.14375
6 0.115625 0.96328125 0.1671875 0.0703125