6 0.309375 0.8890625 0.25625 0.221875
6 0.30859375 0.47578125 0.28125 0.1953125
6 0.53515625 0.2921875 0.1625 0.09375
6 0.5546875 0.703125 0.23125 0.215625
6 0.66875 0.49921875 0.284375 0.1625
6 0.53203125 0.40234375 0.1734375 0.071875
6 0.753125 0.8875 0.046875 0.134375
6 0.85859375 0.83125 0.15625 0.1703125
6 0.8109375 0.4078125 0.2125 0.125
6 0.9453125 0.603125 0.0828125 0.2328125
6 0.4796875 0.87265625 0.084375 0.06875
6 0.13203125 0.39375 0.14375 0.090625
6 0.96328125 0.884375 0.0703125 0.1671875