8 0.49765625 0.32734375 0.2328125 0.2328125
3 0.63671875 0.59453125 0.2921875 0.1421875
8 0.259375 0.4328125 0.15625 0.196875
3 0.1296875 0.67421875 0.2515625 0.2265625
3 0.33203125 0.7328125 0.1796875 0.1671875
3 0.86328125 0.82578125 0.221875 0.2203125
3 0.48046875 0.51875 0.071875 0.0640625
3 0.37109375 0.4453125 0.1078125 0.05625
3 0.37890625 0.63984375 0.08125 0.0640625
3 0.60546875 0.70390625 0.1921875 0.1046875
3 0.54296875 0.91953125 0.1203125 0.0640625
3 0.409375 0.925 0.1046875 0.0640625
3 0.51328125 0.865625 0.0828125 0.05
3 0.34765625 0.86484375 0.071875 0.0984375
3 0.61875 0.95859375 0.0859375 0.0609375
3 0.1515625 0.7921875 0.196875 0.190625
3 0.27578125 0.92578125 0.1078125 0.0875