8 0.6234375 0.4046875 0.2171875 0.209375
8 0.7140625 0.40546875 0.1921875 0.1859375
8 0.3984375 0.69609375 0.2703125 0.265625
8 0.38984375 0.63046875 0.2578125 0.253125
8 0.5453125 0.58046875 0.096875 0.0953125
8 0.58125 0.634375 0.075 0.075
8 0.52734375 0.40234375 0.096875 0.09375
8 0.4828125 0.50546875 0.0796875 0.08125
8 0.53671875 0.42421875 0.0671875 0.065625
8 0.61875 0.484375 0.0875 0.0875
8 0.46484375 0.83203125 0.159375 0.1625
8 0.5328125 0.77421875 0.18125 0.1828125
3 0.6703125 0.76875 0.071875 0.06875
3 0.59453125 0.865625 0.075 0.0734375
3 0.53515625 0.96015625 0.0703125 0.06875
3 0.6125 0.97421875 0.1375 0.0515625
8 0.95703125 0.57734375 0.0859375 0.2390625
8 0.9578125 0.41015625 0.084375 0.1640625
8 0.6046875 0.60859375 0.11875 0.1171875
8 0.6625 0.61875 0.0734375 0.071875
8 0.36640625 0.51875 0.190625 0.184375
8 0.53125 0.34921875 0.15625 0.1515625
8 0.37890625 0.42421875 0.078125 0.0765625
8 0.465625 0.33984375 0.065625 0.065625
8 0.36875 0.3078125 0.2171875 0.2171875