8 0.2109375 0.53515625 0.2328125 0.2328125
8 0.38125 0.50078125 0.196875 0.1703125
8 0.17734375 0.3515625 0.2234375 0.190625
8 0.59765625 0.4765625 0.2109375 0.184375
8 0.44140625 0.40234375 0.1140625 0.1140625
3 0.32265625 0.04296875 0.1921875 0.0859375
8 0.56171875 0.17578125 0.290625 0.290625
8 0.3265625 0.24921875 0.1078125 0.11875
3 0.22578125 0.19921875 0.290625 0.2890625
8 0.246875 0.10078125 0.1609375 0.1421875
8 0.375 0.42421875 0.0640625 0.065625
8 0.38125 0.35 0.084375 0.0828125
8 0.409375 0.3265625 0.0671875 0.059375
8 0.5125 0.48203125 0.171875 0.1390625
8 0.37109375 0.2328125 0.0984375 0.084375
8 0.52890625 0.28359375 0.1375 0.128125
8 0.6203125 0.403125 0.240625 0.2078125
8 0.7078125 0.5390625 0.103125 0.09375
8 0.78203125 0.22109375 0.140625 0.1375
8 0.71171875 0.259375 0.1640625 0.1640625
8 0.9046875 0.2375 0.1171875 0.125
8 0.84296875 0.425 0.153125 0.1359375
8 0.8921875 0.47890625 0.215625 0.2078125
8 0.81640625 0.5796875 0.10625 0.0921875
8 0.77890625 0.6375 0.146875 0.1390625
8 0.75859375 0.72109375 0.146875 0.140625
8 0.859375 0.79296875 0.0609375 0.0640625
8 0.79140625 0.7546875 0.1421875 0.13125
8 0.9125 0.63359375 0.09375 0.0984375
8 0.85078125 0.62265625 0.0875 0.0828125
8 0.925 0.71640625 0.065625 0.0625
8 0.86171875 0.68828125 0.071875 0.065625
8 0.81953125 0.50625 0.0546875 0.05
8 0.7859375 0.50859375 0.046875 0.0515625
8 0.9234375 0.31171875 0.153125 0.2015625
8 0.9453125 0.41015625 0.090625 0.0953125
8 0.834375 0.38359375 0.0734375 0.0765625
8 0.8109375 0.3015625 0.0546875 0.053125
8 0.784375 0.35234375 0.0484375 0.0484375
3 0.48125 0.04140625 0.190625 0.0828125
8 0.153125 0.2390625 0.1578125 0.1421875
8 0.6046875 0.27109375 0.1 0.103125
8 0.165625 0.21484375 0.0578125 0.0484375