2 0.33671875 0.5546875 0.11875 0.2515625
2 0.2421875 0.48984375 0.0953125 0.1875
2 0.14140625 0.6140625 0.0921875 0.3
2 0.21171875 0.37890625 0.1328125 0.1046875
2 0.38125 0.390625 0.15 0.115625
2 0.34765625 0.309375 0.1640625 0.1140625
2 0.1890625 0.309375 0.1203125 0.1203125
2 0.17109375 0.23984375 0.1328125 0.159375
2 0.06328125 0.55546875 0.125 0.1390625
2 0.2015625 0.91015625 0.125 0.1765625
2 0.1765625 0.78671875 0.1296875 0.1296875
2 0.22578125 0.69296875 0.1171875 0.0953125
2 0.334375 0.91484375 0.134375 0.1671875
2 0.365625 0.8015625 0.1234375 0.1390625
2 0.4375 0.82734375 0.0890625 0.16875
2 0.52109375 0.90859375 0.1296875 0.1796875
2 0.55625 0.65859375 0.0859375 0.2015625
2 0.525 0.728125 0.1171875 0.1125
2 0.615625 0.62421875 0.1140625 0.2015625
2 0.58203125 0.47890625 0.1578125 0.1234375
2 0.50859375 0.36875 0.0703125 0.1328125
2 0.39296875 0.390625 0.1515625 0.0515625
2 0.3765625 0.0953125 0.0734375 0.0921875
2 0.76640625 0.74296875 0.1125 0.30625
2 0.87578125 0.48203125 0.1796875 0.1671875
2 0.9125 0.62734375 0.11875 0.1546875
2 0.90234375 0.340625 0.1359375 0.1421875
2 0.70546875 0.40078125 0.1 0.0625
2 0.6234375 0.31640625 0.2015625 0.115625
2 0.64609375 0.17734375 0.109375 0.1171875
2 0.45078125 0.20234375 0.1046875 0.121875
2 0.32578125 0.25 0.125 0.0875
2 0.42109375 0.57265625 0.0890625 0.221875