3 0.47265625 0.31484375 0.0734375 0.153125
3 0.5109375 0.5265625 0.096875 0.1375
3 0.46484375 0.60625 0.18125 0.0703125
3 0.63515625 0.40859375 0.1203125 0.1515625
3 0.57265625 0.1734375 0.1609375 0.0984375
3 0.578125 0.25625 0.08125 0.128125
3 0.740625 0.36484375 0.1828125 0.09375
3 0.8828125 0.303125 0.1515625 0.1390625
3 0.9296875 0.55234375 0.09375 0.2203125
3 0.71875 0.815625 0.115625 0.19375
3 0.4875 0.76171875 0.2046875 0.1125
3 0.61875 0.90078125 0.1109375 0.1984375
3 0.06796875 0.46171875 0.134375 0.1578125
3 0.0953125 0.6421875 0.1296875 0.078125
3 0.165625 0.7765625 0.146875 0.16875
3 0.26875 0.32734375 0.1296875 0.09375
3 0.1859375 0.2453125 0.090625 0.1390625
3 0.084375 0.29921875 0.15625 0.090625
3 0.696875 0.15234375 0.0828125 0.0984375
3 0.79609375 0.603125 0.1078125 0.1828125
3 0.66484375 0.65703125 0.1640625 0.109375