8 0.7390625 0.33359375 0.184375 0.18125
8 0.6046875 0.44296875 0.184375 0.1046875
8 0.8546875 0.47890625 0.2140625 0.1109375
8 0.42421875 0.56640625 0.1953125 0.1140625
8 0.59765625 0.55859375 0.090625 0.0890625
3 0.89296875 0.86328125 0.1625 0.13125
3 0.85 0.97265625 0.221875 0.0546875
8 0.59765625 0.81484375 0.228125 0.228125
8 0.77109375 0.63984375 0.0734375 0.1046875
3 0.88359375 0.63671875 0.2296875 0.2234375
8 0.9109375 0.73359375 0.146875 0.090625
8 0.64609375 0.5078125 0.0484375 0.053125
8 0.675 0.5765625 0.06875 0.0609375
8 0.6609375 0.6109375 0.0625 0.0375
8 0.49765625 0.521875 0.171875 0.0703125
8 0.73984375 0.67578125 0.0953125 0.0484375
8 0.5765625 0.70390625 0.11875 0.0890625
8 0.4390625 0.6421875 0.2265625 0.125
8 0.2984375 0.56328125 0.090625 0.0640625
8 0.38203125 0.87890625 0.1140625 0.1046875
8 0.4265625 0.81171875 0.1265625 0.1296875
8 0.26640625 0.921875 0.0828125 0.1078125
8 0.23203125 0.72734375 0.140625 0.084375
8 0.15625 0.70546875 0.20625 0.1359375
8 0.18359375 0.578125 0.1 0.0546875
8 0.1890625 0.509375 0.125 0.0984375
8 0.16796875 0.4265625 0.121875 0.1015625
8 0.0453125 0.41015625 0.04375 0.053125
8 0.1234375 0.4125 0.1234375 0.090625
8 0.07265625 0.57578125 0.06875 0.0828125
8 0.1328125 0.55625 0.0734375 0.059375
8 0.025 0.50859375 0.05 0.0453125
8 0.09296875 0.50390625 0.0625 0.0453125
8 0.2140625 0.64453125 0.046875 0.034375
8 0.24375 0.6265625 0.0296875 0.046875
8 0.2015625 0.87265625 0.11875 0.18125
8 0.14921875 0.78828125 0.065625 0.08125
8 0.259375 0.759375 0.053125 0.0640625
8 0.31875 0.82109375 0.04375 0.040625
8 0.31875 0.7640625 0.0390625 0.0375
8 0.07265625 0.8609375 0.1453125 0.121875
3 0.753125 0.9375 0.165625 0.121875
8 0.92890625 0.5671875 0.140625 0.09375
8 0.51484375 0.7515625 0.075 0.084375
8 0.9296875 0.59453125 0.05625 0.0265625