3 0.81875 0.515625 0.2671875 0.2265625
3 0.825 0.42890625 0.18125 0.1796875
3 0.3515625 0.52578125 0.2203125 0.1765625
3 0.34765625 0.64609375 0.296875 0.2203125
3 0.38515625 0.83671875 0.2578125 0.203125
3 0.69296875 0.8296875 0.2375 0.2390625
3 0.61640625 0.73671875 0.1109375 0.09375
3 0.5125 0.75 0.0796875 0.078125
3 0.646875 0.64296875 0.10625 0.0859375
3 0.66328125 0.4328125 0.084375 0.0734375
3 0.609375 0.3875 0.059375 0.0546875
3 0.50625 0.640625 0.0671875 0.0734375
3 0.52734375 0.66796875 0.090625 0.075
3 0.6421875 0.578125 0.0875 0.0859375
3 0.61484375 0.6796875 0.0734375 0.0609375
3 0.971875 0.48828125 0.05625 0.0890625
3 0.5171875 0.4953125 0.0875 0.0671875
3 0.521875 0.46015625 0.065625 0.0703125
3 0.51171875 0.40625 0.0609375 0.05625
3 0.3109375 0.3671875 0.16875 0.184375
3 0.40625 0.246875 0.1921875 0.221875
3 0.2640625 0.28046875 0.08125 0.06875
3 0.34296875 0.29375 0.0828125 0.0796875
3 0.20703125 0.24921875 0.1796875 0.159375
3 0.278125 0.19140625 0.0453125 0.0515625
3 0.2875 0.14609375 0.065625 0.0546875
3 0.25625 0.1015625 0.128125 0.0890625
3 0.303125 0.07578125 0.0703125 0.078125
3 0.4015625 0.09609375 0.1296875 0.1078125
3 0.02109375 0.2359375 0.0421875 0.040625
3 0.0390625 0.35703125 0.078125 0.0765625
3 0.10390625 0.39453125 0.146875 0.125
3 0.171875 0.39453125 0.146875 0.140625
3 0.07734375 0.496875 0.14375 0.1296875
3 0.021875 0.178125 0.04375 0.04375
3 0.075 0.1765625 0.0828125 0.0765625
3 0.1265625 0.23046875 0.103125 0.0796875
3 0.14453125 0.2828125 0.1015625 0.084375
3 0.02421875 0.52734375 0.0484375 0.0609375
3 0.15234375 0.49296875 0.08125 0.0828125
3 0.215625 0.51484375 0.16875 0.103125
3 0.0140625 0.4578125 0.028125 0.025
3 0.48046875 0.3125 0.0984375 0.0640625
3 0.45078125 0.3703125 0.05 0.0546875
3 0.475 0.403125 0.0390625 0.0390625
3 0.353125 0.453125 0.0546875 0.0578125
3 0.38515625 0.3265625 0.0359375 0.0328125
3 0.1921875 0.22578125 0.071875 0.046875
3 0.41796875 0.303125 0.040625 0.028125
3 0.48671875 0.1015625 0.059375 0.053125
3 0.50390625 0.1765625 0.084375 0.075
3 0.5046875 0.37109375 0.0546875 0.040625
3 0.42265625 0.38828125 0.053125 0.0390625
3 0.5 0.33125 0.0453125 0.034375
3 0.46640625 0.33046875 0.0515625 0.0453125
3 0.603125 0.3015625 0.0875 0.071875
3 0.575 0.33125 0.04375 0.0421875
3 0.68828125 0.26171875 0.090625 0.0578125
3 0.7375 0.2203125 0.0375 0.028125
3 0.45546875 0.065625 0.071875 0.0578125
3 0.56640625 0.09765625 0.1453125 0.1953125
3 0.78203125 0.25546875 0.125 0.115625
3 0.85546875 0.2046875 0.0609375 0.059375
3 0.79765625 0.175 0.078125 0.0609375
3 0.7875 0.06328125 0.0796875 0.06875
3 0.84375 0.12421875 0.0828125 0.0640625
3 0.88203125 0.16484375 0.0484375 0.053125
3 0.86875 0.2859375 0.0640625 0.0515625
3 0.6125 0.85625 0.1140625 0.1046875
3 0.50234375 0.87265625 0.109375 0.09375
3 0.38359375 0.390625 0.05 0.040625
3 0.39453125 0.365625 0.03125 0.025
3 0.2578125 0.41796875 0.0578125 0.053125
3 0.17578125 0.32734375 0.05625 0.0359375
3 0.08828125 0.35078125 0.04375 0.0328125