3 0.7875 0.72109375 0.196875 0.1921875
3 0.61953125 0.69140625 0.190625 0.184375
3 0.81015625 0.54375 0.19375 0.146875
3 0.36640625 0.5515625 0.225 0.1734375
3 0.3125 0.49609375 0.15 0.14375
3 0.7421875 0.40078125 0.2359375 0.1640625
3 0.61953125 0.59609375 0.0984375 0.0765625
3 0.684375 0.31796875 0.175 0.1453125
3 0.5421875 0.5453125 0.0921875 0.0734375
3 0.51953125 0.50390625 0.0703125 0.0703125
3 0.5515625 0.38515625 0.0734375 0.05
3 0.42734375 0.41484375 0.075 0.059375
3 0.5453125 0.35703125 0.059375 0.0609375
3 0.4359375 0.35703125 0.0484375 0.0421875
3 0.51484375 0.31875 0.05 0.04375
3 0.6390625 0.478125 0.053125 0.0578125
3 0.63203125 0.50703125 0.06875 0.0546875
3 0.58515625 0.55703125 0.0609375 0.046875
3 0.76015625 0.62421875 0.08125 0.06875
3 0.68828125 0.66953125 0.08125 0.0765625
3 0.68828125 0.54921875 0.0640625 0.0640625
3 0.65546875 0.0640625 0.2171875 0.128125
3 0.44453125 0.04375 0.0578125 0.0703125
3 0.44609375 0.134375 0.0578125 0.034375
3 0.47890625 0.153125 0.04375 0.0296875
3 0.52265625 0.09453125 0.0546875 0.034375
3 0.5109375 0.284375 0.0421875 0.04375
3 0.50625 0.2171875 0.0640625 0.0421875
3 0.4828125 0.2421875 0.03125 0.0171875
3 0.40234375 0.32734375 0.06875 0.0515625
3 0.37265625 0.31640625 0.0703125 0.0453125
3 0.36015625 0.21875 0.05 0.053125
3 0.55390625 0.27421875 0.040625 0.0296875
3 0.53203125 0.2671875 0.021875 0.0171875
3 0.4796875 0.2921875 0.0375 0.0234375
3 0.78671875 0.09140625 0.2265625 0.1828125
3 0.8484375 0.1859375 0.109375 0.0703125
3 0.75 0.22421875 0.084375 0.0703125
3 0.725 0.14375 0.1625 0.1328125
3 0.6046875 0.2421875 0.1171875 0.0671875
3 0.734375 0.203125 0.075 0.0453125
3 0.70625 0.2453125 0.0578125 0.046875
3 0.58515625 0.20234375 0.1109375 0.0609375
3 0.71015625 0.27109375 0.1140625 0.0578125
3 0.59765625 0.29921875 0.0359375 0.0421875
3 0.671875 0.0765625 0.1046875 0.1109375
3 0.5734375 0.1390625 0.0421875 0.03125
3 0.25703125 0.37890625 0.1015625 0.096875
3 0.18046875 0.37578125 0.0515625 0.0484375
3 0.3265625 0.34609375 0.075 0.05625
3 0.27421875 0.33359375 0.03125 0.0203125
3 0.3625 0.26015625 0.05625 0.03125
3 0.21015625 0.32734375 0.0671875 0.046875
3 0.1640625 0.3390625 0.0515625 0.0359375
3 0.17421875 0.30625 0.046875 0.0453125
3 0.26015625 0.12109375 0.040625 0.0359375
3 0.0953125 0.371875 0.1625 0.16875
3 0.11484375 0.46328125 0.0578125 0.05
3 0.20078125 0.4421875 0.04375 0.03125
3 0.10546875 0.40625 0.0515625 0.0734375
3 0.02734375 0.4359375 0.0546875 0.15
3 0.04375 0.33125 0.0875 0.059375
3 0.1421875 0.63984375 0.2484375 0.15
3 0.18359375 0.40625 0.0546875 0.028125
3 0.48671875 0.10078125 0.0453125 0.025
3 0.51328125 0.1234375 0.0375 0.01875
3 0.5078125 0.1953125 0.0328125 0.0296875
3 0.46875 0.2796875 0.034375 0.028125
3 0.48046875 0.25390625 0.01875 0.015625
3 0.52734375 0.13046875 0.0484375 0.025
3 0.44375 0.11796875 0.078125 0.046875
3 0.5765625 0.17109375 0.0421875 0.0265625