3 0.35546875 0.43125 0.1171875 0.275
3 0.26953125 0.50078125 0.0875 0.1953125
3 0.1640625 0.3734375 0.1 0.259375
3 0.39375 0.62578125 0.1453125 0.078125
3 0.37578125 0.68828125 0.1453125 0.084375
3 0.20234375 0.696875 0.1234375 0.090625
3 0.18828125 0.75 0.1328125 0.1296875
3 0.228125 0.0859375 0.134375 0.171875
3 0.20078125 0.2234375 0.1421875 0.13125
3 0.2453125 0.3125 0.1125 0.0828125
3 0.3609375 0.0921875 0.115625 0.184375
3 0.40078125 0.2375 0.1109375 0.128125
3 0.4625 0.18671875 0.071875 0.1390625
3 0.5390625 0.10859375 0.1328125 0.2171875
3 0.55 0.37421875 0.125 0.2203125
3 0.62890625 0.3875 0.1125 0.196875
3 0.5921875 0.53984375 0.1515625 0.0984375
3 0.51640625 0.63359375 0.0703125 0.128125
3 0.38125 0.89921875 0.071875 0.0796875
3 0.78515625 0.29140625 0.1109375 0.2703125
3 0.890625 0.55390625 0.1859375 0.1640625
3 0.9171875 0.38359375 0.115625 0.1296875
3 0.709375 0.61015625 0.0796875 0.0578125
3 0.615625 0.68671875 0.1484375 0.1140625
3 0.63671875 0.828125 0.08125 0.084375
3 0.45546875 0.79375 0.103125 0.1171875
3 0.32734375 0.746875 0.1109375 0.046875
3 0.43828125 0.4203125 0.071875 0.165625
3 0.684375 0.1140625 0.0578125 0.1421875
3 0.62578125 0.228125 0.0671875 0.0640625
3 0.29296875 0.22109375 0.0390625 0.040625
3 0.33671875 0.22578125 0.03125 0.0359375
3 0.53828125 0.309375 0.090625 0.096875
3 0.48984375 0.2875 0.040625 0.06875
3 0.6078125 0.16328125 0.0578125 0.0625
3 0.7109375 0.2359375 0.071875 0.071875
3 0.9328125 0.44375 0.08125 0.0984375
3 0.8109375 0.50625 0.0453125 0.0484375
3 0.915625 0.7484375 0.09375 0.14375
3 0.83828125 0.775 0.0671875 0.125
3 0.47421875 0.5625 0.0296875 0.06875
3 0.3296875 0.359375 0.046875 0.0390625
3 0.4625 0.96328125 0.0359375 0.0625
3 0.76796875 0.75390625 0.0421875 0.0296875