8 0.40703125 0.21875 0.1984375 0.196875
8 0.3171875 0.32734375 0.2109375 0.2015625
8 0.5375 0.4203125 0.2203125 0.2109375
8 0.265625 0.48203125 0.2109375 0.203125
8 0.19140625 0.59296875 0.1765625 0.1703125
8 0.46640625 0.47265625 0.1109375 0.1078125
8 0.628125 0.684375 0.2328125 0.2296875
8 0.6609375 0.5984375 0.259375 0.2546875
8 0.33515625 0.6734375 0.0828125 0.08125
8 0.446875 0.7171875 0.09375 0.0921875
8 0.59140625 0.975 0.1421875 0.05
8 0.3203125 0.8828125 0.265625 0.234375
8 0.51875 0.70703125 0.05625 0.05625
8 0.44609375 0.609375 0.1078125 0.1046875
8 0.48046875 0.62734375 0.0875 0.0828125
8 0.49140625 0.575 0.096875 0.0953125
8 0.42890625 0.62578125 0.0484375 0.046875
8 0.33671875 0.571875 0.10625 0.1046875
8 0.50625 0.47734375 0.115625 0.109375
8 0.2796875 0.42109375 0.115625 0.1109375
8 0.3875 0.43984375 0.078125 0.078125
8 0.46484375 0.3109375 0.0828125 0.08125
8 0.38671875 0.31484375 0.0640625 0.0625
8 0.359375 0.44453125 0.0890625 0.090625
8 0.1515625 0.67578125 0.1234375 0.1234375
8 0.06796875 0.72421875 0.128125 0.125
8 0.05 0.603125 0.1 0.103125
8 0.03671875 0.471875 0.0734375 0.125
8 0.12890625 0.540625 0.0671875 0.065625
8 0.35390625 0.73359375 0.0640625 0.0609375