2 0.55859375 0.69453125 0.084375 0.1640625
2 0.50859375 0.46953125 0.10625 0.146875
2 0.55390625 0.38828125 0.1921875 0.0796875
2 0.384375 0.590625 0.1328125 0.159375
2 0.46015625 0.840625 0.1703125 0.1109375
2 0.45078125 0.75390625 0.0890625 0.1359375
2 0.27578125 0.634375 0.196875 0.1046875
2 0.128125 0.6953125 0.165625 0.15
2 0.06875 0.43046875 0.1078125 0.234375
2 0.27890625 0.1609375 0.1296875 0.2078125
2 0.55390625 0.19609375 0.1578125 0.1125
2 0.378125 0.096875 0.125 0.1703125
2 0.94921875 0.55234375 0.0984375 0.1765625
2 0.94296875 0.36796875 0.1109375 0.0765625
2 0.86171875 0.21953125 0.1640625 0.18125
2 0.7625 0.4765625 0.11875 0.1296875
2 0.77265625 0.68828125 0.140625 0.1
2 0.8625 0.7765625 0.1 0.1484375
2 0.9390625 0.72109375 0.11875 0.1015625
2 0.33125 0.85859375 0.0921875 0.10625
2 0.3453125 0.940625 0.09375 0.115625
2 0.20625 0.38203125 0.121875 0.1953125
2 0.34296875 0.32890625 0.178125 0.11875