8 0.29765625 0.64765625 0.234375 0.1671875
3 0.125 0.41875 0.25 0.209375
3 0.303125 0.4421875 0.1921875 0.1140625
3 0.70703125 0.3296875 0.196875 0.178125
3 0.39140625 0.53046875 0.0640625 0.078125
8 0.5046875 0.60859375 0.03125 0.03125
3 0.2671875 0.36640625 0.096875 0.103125
3 0.3984375 0.4546875 0.05625 0.0421875
3 0.44296875 0.6609375 0.0765625 0.0640625
3 0.45234375 0.61875 0.0390625 0.0375
3 0.546875 0.503125 0.1453125 0.090625
3 0.52734375 0.490625 0.0796875 0.090625
3 0.4640625 0.5546875 0.040625 0.0359375
3 0.42734375 0.5625 0.040625 0.03125
3 0.45625 0.49609375 0.0359375 0.03125
3 0.5 0.3421875 0.0765625 0.0671875
3 0.44140625 0.29921875 0.0890625 0.059375
3 0.72734375 0.13046875 0.2859375 0.2609375
3 0.8234375 0.01875 0.125 0.0375
3 0.46171875 0.1203125 0.1046875 0.109375
3 0.31484375 0.2734375 0.0890625 0.0640625
3 0.3046875 0.246875 0.140625 0.08125