8 0.5296875 0.6703125 0.2171875 0.2171875
3 0.35078125 0.428125 0.284375 0.11875
8 0.74765625 0.52890625 0.1421875 0.1859375
3 0.83828125 0.2703125 0.234375 0.2078125
3 0.6296875 0.24375 0.16875 0.1546875
3 0.096875 0.234375 0.19375 0.203125
3 0.51640625 0.478125 0.0671875 0.059375
3 0.6359375 0.53359375 0.1046875 0.046875
3 0.59765625 0.34296875 0.078125 0.0578125
3 0.3640625 0.31484375 0.1859375 0.0890625
3 0.3921875 0.09296875 0.1171875 0.0546875
3 0.5234375 0.06640625 0.1 0.05625
3 0.4296875 0.14140625 0.0796875 0.04375
3 0.59375 0.11640625 0.065625 0.09375
3 0.3109375 0.065625 0.0828125 0.0546875
3 0.7984375 0.15625 0.184375 0.175
3 0.6546875 0.04453125 0.1015625 0.0796875