8 0.26328125 0.59140625 0.2875 0.140625
8 0.39765625 0.7125 0.1421875 0.0875
8 0.5515625 0.84765625 0.203125 0.1765625
8 0.6109375 0.6625 0.1078125 0.078125
8 0.7453125 0.6328125 0.3015625 0.1390625
8 0.6921875 0.50625 0.1234375 0.1265625
3 0.42109375 0.440625 0.1359375 0.0796875
3 0.4515625 0.5109375 0.0875 0.0484375
3 0.58984375 0.47109375 0.084375 0.0546875
3 0.6171875 0.52109375 0.15 0.0671875
3 0.453125 0.30234375 0.0796875 0.09375
3 0.6609375 0.2953125 0.0796875 0.071875
3 0.365625 0.49765625 0.103125 0.1390625
3 0.17890625 0.31640625 0.240625 0.1921875
3 0.38671875 0.2078125 0.0546875 0.05625
3 0.66171875 0.08046875 0.1203125 0.0828125
3 0.11484375 0.05 0.11875 0.1
3 0.25625 0.0296875 0.1625 0.059375
3 0.771875 0.08515625 0.18125 0.05625
3 0.96953125 0.1515625 0.0609375 0.125
3 0.7984375 0.19296875 0.0828125 0.0828125
3 0.571875 0.34609375 0.1453125 0.0796875