2 0.328125 0.55234375 0.1359375 0.2640625
2 0.2328125 0.48359375 0.109375 0.1953125
2 0.121875 0.61171875 0.1109375 0.3140625
2 0.20703125 0.3671875 0.14375 0.1125
2 0.3828125 0.3828125 0.1609375 0.1234375
2 0.35234375 0.2984375 0.1765625 0.1203125
2 0.1875 0.29453125 0.13125 0.1265625
2 0.171875 0.221875 0.146875 0.16875
2 0.05625 0.5484375 0.1125 0.1484375
2 0.16953125 0.91328125 0.1390625 0.1703125
2 0.15 0.79140625 0.1421875 0.1390625
2 0.20625 0.6953125 0.1265625 0.1015625
2 0.309375 0.91953125 0.146875 0.1578125
2 0.34609375 0.8109375 0.134375 0.1484375
2 0.41953125 0.83828125 0.1 0.178125
2 0.503125 0.9140625 0.14375 0.16875
2 0.55234375 0.665625 0.1 0.2109375
2 0.515625 0.73671875 0.128125 0.11875
2 0.61484375 0.63125 0.128125 0.2125
2 0.58828125 0.478125 0.1703125 0.13125
2 0.515625 0.3625 0.0796875 0.1390625
2 0.39453125 0.38359375 0.159375 0.05625
2 0.39140625 0.075 0.08125 0.096875
2 0.76640625 0.75703125 0.13125 0.3203125
2 0.8859375 0.48828125 0.18125 0.1796875
2 0.9125 0.63984375 0.1078125 0.165625
2 0.91875 0.34140625 0.1296875 0.153125
2 0.7203125 0.39921875 0.10625 0.0671875
2 0.6390625 0.31015625 0.215625 0.125
2 0.66953125 0.16484375 0.1203125 0.125
2 0.4640625 0.18828125 0.115625 0.1296875
2 0.33203125 0.2359375 0.134375 0.09375
2 0.4140625 0.57421875 0.103125 0.2328125