8 0.5359375 0.403125 0.153125 0.1453125
8 0.4 0.58203125 0.203125 0.1265625
8 0.47890625 0.48984375 0.08125 0.0609375
8 0.5734375 0.46640625 0.0796875 0.0578125
8 0.65625 0.49375 0.1796875 0.103125
8 0.72265625 0.57578125 0.1890625 0.128125
8 0.75703125 0.628125 0.18125 0.1265625
8 0.359375 0.67421875 0.1953125 0.153125
8 0.48671875 0.6078125 0.075 0.075
8 0.54609375 0.61484375 0.0453125 0.040625
8 0.49453125 0.7 0.0765625 0.0734375
8 0.60546875 0.5734375 0.065625 0.0703125
8 0.559375 0.55390625 0.0515625 0.05625
8 0.47890625 0.51796875 0.0609375 0.0453125
8 0.45234375 0.63046875 0.05 0.040625
8 0.6171875 0.665625 0.065625 0.065625
8 0.5515625 0.70625 0.0671875 0.0609375
8 0.4296875 0.76171875 0.1796875 0.1390625
8 0.59765625 0.7546875 0.0796875 0.075
8 0.4609375 0.8140625 0.090625 0.053125
8 0.52578125 0.759375 0.04375 0.0296875
8 0.8109375 0.8 0.0890625 0.09375
8 0.21015625 0.8828125 0.1578125 0.096875
8 0.30859375 0.8890625 0.0484375 0.046875
8 0.35390625 0.9203125 0.0625 0.0421875
8 0.2359375 0.98359375 0.065625 0.0328125
8 0.196875 0.9828125 0.109375 0.034375
8 0.3328125 0.9734375 0.121875 0.053125
8 0.44765625 0.9390625 0.09375 0.078125
8 0.4 0.8515625 0.0515625 0.0453125