8 0.26875 0.22265625 0.2625 0.3140625
8 0.43828125 0.34765625 0.109375 0.0984375
8 0.52578125 0.678125 0.2015625 0.2421875
8 0.42734375 0.65859375 0.090625 0.078125
8 0.3515625 0.4484375 0.1 0.0953125
8 0.48046875 0.32734375 0.11875 0.1359375
8 0.52421875 0.22578125 0.2265625 0.265625
8 0.27421875 0.4609375 0.146875 0.1734375
8 0.13046875 0.54765625 0.2609375 0.3515625
8 0.2453125 0.64296875 0.071875 0.0640625
8 0.29140625 0.5671875 0.11875 0.121875
8 0.33671875 0.715625 0.08125 0.0765625
8 0.421875 0.83515625 0.2015625 0.2359375
8 0.05546875 0.659375 0.0640625 0.0640625
8 0.39609375 0.5921875 0.1 0.115625
8 0.44609375 0.528125 0.09375 0.090625
8 0.54609375 0.51640625 0.0875 0.0796875
8 0.63046875 0.51796875 0.184375 0.2203125
8 0.65546875 0.41015625 0.0828125 0.0859375
8 0.615625 0.34375 0.0671875 0.065625
8 0.653125 0.30625 0.08125 0.0921875
8 0.7140625 0.39609375 0.0875 0.10625
8 0.75859375 0.315625 0.1671875 0.15625