3 0.2703125 0.87734375 0.178125 0.1515625
3 0.39921875 0.75546875 0.1765625 0.1203125
3 0.1140625 0.73515625 0.1796875 0.109375
3 0.5171875 0.521875 0.2125 0.0984375
3 0.53046875 0.44765625 0.1484375 0.09375
3 0.07421875 0.45546875 0.1484375 0.128125
3 0.09765625 0.56875 0.1953125 0.1265625
3 0.3703125 0.60546875 0.0859375 0.0515625
3 0.3921875 0.43359375 0.0609375 0.05
3 0.36484375 0.55703125 0.053125 0.059375
3 0.771875 0.284375 0.115625 0.128125
3 0.65859375 0.24453125 0.14375 0.0859375
3 0.9421875 0.23828125 0.0671875 0.075
3 0.50234375 0.271875 0.0875 0.090625
3 0.575 0.2453125 0.0421875 0.04375
3 0.77421875 0.20546875 0.0578125 0.0296875
3 0.85859375 0.209375 0.065625 0.0359375
3 0.73046875 0.11796875 0.0671875 0.046875
3 0.70078125 0.09453125 0.028125 0.04375
3 0.7390625 0.053125 0.034375 0.0625
3 0.6515625 0.065625 0.053125 0.046875
3 0.64375 0.17109375 0.0546875 0.0203125
3 0.88125 0.17890625 0.0546875 0.0296875
3 0.97578125 0.071875 0.0453125 0.021875
3 0.9234375 0.13828125 0.053125 0.0171875
3 0.8828125 0.14296875 0.0421875 0.05625
3 0.865625 0.31640625 0.0796875 0.053125
3 0.86171875 0.4140625 0.134375 0.04375
3 0.9109375 0.4578125 0.0671875 0.05
3 0.92109375 0.1 0.0375 0.028125
3 0.8125 0.0171875 0.03125 0.034375
3 0.8609375 0.05546875 0.0453125 0.0265625
3 0.8296875 0.109375 0.0171875 0.021875
3 0.98125 0.09296875 0.0265625 0.025
3 0.50390625 0.11328125 0.08125 0.0421875
3 0.44140625 0.134375 0.078125 0.05625
3 0.165625 0.0859375 0.0640625 0.059375
3 0.23515625 0.14453125 0.11875 0.209375
3 0.25546875 0.0203125 0.0640625 0.040625
3 0.16640625 0.134375 0.065625 0.021875
3 0.1578125 0.1875 0.040625 0.03125
3 0.20625 0.2328125 0.1 0.040625
3 0.1484375 0.228125 0.025 0.0171875
3 0.2375 0.31171875 0.0546875 0.021875
3 0.10234375 0.26171875 0.1421875 0.153125
3 0.04609375 0.29609375 0.08125 0.053125
3 0.1140625 0.14140625 0.1234375 0.0640625
3 0.10234375 0.08125 0.0625 0.0296875
3 0.30703125 0.29140625 0.046875 0.03125
3 0.33359375 0.26171875 0.103125 0.0328125
3 0.50234375 0.03984375 0.05 0.025
3 0.3390625 0.37421875 0.0453125 0.0359375
3 0.240625 0.3734375 0.05625 0.0390625
3 0.246875 0.45546875 0.078125 0.0328125
3 0.246875 0.43125 0.059375 0.053125
3 0.03828125 0.35078125 0.0765625 0.096875
3 0.0140625 0.1328125 0.028125 0.021875
3 0.18046875 0.309375 0.0296875 0.0421875
3 0.22578125 0.27421875 0.05 0.015625
3 0.19140625 0.25625 0.0546875 0.0296875
3 0.23125 0.58984375 0.0453125 0.053125
3 0.25390625 0.615625 0.0765625 0.0421875
3 0.73046875 0.5171875 0.215625 0.0921875
3 0.928125 0.53359375 0.0453125 0.0734375
3 0.97890625 0.5421875 0.0421875 0.034375
3 0.33671875 0.63671875 0.0578125 0.0328125
3 0.23984375 0.68046875 0.0578125 0.0546875
3 0.33125 0.6828125 0.078125 0.0578125
3 0.33125 0.78125 0.078125 0.0546875
3 0.225 0.7796875 0.075 0.05625
3 0.203125 0.74765625 0.04375 0.05
3 0.86171875 0.584375 0.13125 0.0515625
3 0.8359375 0.64375 0.203125 0.1078125
3 0.94140625 0.61953125 0.0421875 0.046875
3 0.95078125 0.690625 0.04375 0.059375
3 0.984375 0.6890625 0.03125 0.0578125
3 0.9109375 0.69453125 0.0453125 0.028125
3 0.9734375 0.75 0.053125 0.0828125
3 0.93671875 0.8765625 0.1265625 0.225
3 0.94296875 0.184375 0.0484375 0.0234375
3 0.69140625 0.15703125 0.0765625 0.0484375
3 0.68515625 0.18203125 0.128125 0.0359375
3 0.5734375 0.134375 0.05625 0.0515625
3 0.50234375 0.1515625 0.0359375 0.03125
3 0.584375 0.09765625 0.065625 0.028125
3 0.66484375 0.103125 0.01875 0.0296875
3 0.515625 0.1734375 0.0328125 0.0234375
3 0.71015625 0.05078125 0.03125 0.0203125
3 0.565625 0.19765625 0.0890625 0.0390625
3 0.4234375 0.24296875 0.0703125 0.0328125
3 0.475 0.21875 0.0328125 0.0171875
3 0.68984375 0.021875 0.0734375 0.04375
3 0.1828125 0.00625 0.03125 0.0125
3 0.12890625 0.0390625 0.0234375 0.021875