8 0.3296875 0.5890625 0.2453125 0.1171875
8 0.80390625 0.47265625 0.2984375 0.1375
8 0.7328125 0.51640625 0.278125 0.134375
8 0.48125 0.25546875 0.2546875 0.1296875
8 0.16171875 0.36484375 0.228125 0.24375
8 0.31015625 0.328125 0.2265625 0.109375
8 0.3140625 0.44375 0.259375 0.196875
8 0.42421875 0.5 0.0265625 0.025
8 0.45546875 0.496875 0.1109375 0.08125
8 0.4171875 0.08359375 0.1875 0.1046875
8 0.56015625 0.1078125 0.3515625 0.215625
8 0.484375 0.2375 0.065625 0.04375
8 0.3203125 0.25 0.115625 0.08125
8 0.6078125 0.54921875 0.0890625 0.08125
8 0.62109375 0.77578125 0.2125 0.1890625
8 0.4765625 0.69296875 0.1015625 0.0765625