8 0.6671875 0.26171875 0.2078125 0.2046875
8 0.57890625 0.4109375 0.19375 0.13125
8 0.8265625 0.359375 0.2234375 0.14375
8 0.4515625 0.58828125 0.20625 0.14375
8 0.61171875 0.521875 0.1015625 0.1015625
3 0.95234375 0.70546875 0.0953125 0.1546875
3 0.9421875 0.84375 0.115625 0.13125
8 0.7 0.7625 0.2578125 0.2578125
8 0.80234375 0.5390625 0.0890625 0.1125
3 0.88828125 0.49765625 0.2234375 0.2546875
8 0.94375 0.578125 0.1125 0.1125
8 0.63984375 0.4578125 0.05625 0.059375
8 0.690625 0.51171875 0.0765625 0.071875
8 0.6890625 0.5484375 0.065625 0.046875
8 0.5046875 0.52109375 0.1765625 0.0984375
8 0.78515625 0.5828125 0.0984375 0.0640625
8 0.64140625 0.665625 0.1296875 0.10625
8 0.49140625 0.6546875 0.2390625 0.159375
8 0.33203125 0.628125 0.0984375 0.0765625
8 0.51875 0.89609375 0.1265625 0.1203125
8 0.5375 0.81796875 0.14375 0.146875
8 0.42421875 0.95859375 0.0984375 0.0828125
8 0.3265625 0.80546875 0.15 0.10625
8 0.24765625 0.81015625 0.221875 0.1671875
8 0.22890625 0.68203125 0.10625 0.0703125
8 0.21171875 0.615625 0.1375 0.1171875
8 0.1625 0.54453125 0.134375 0.11875
8 0.0421875 0.57109375 0.0515625 0.059375
8 0.11640625 0.54609375 0.134375 0.109375
8 0.125 0.7171875 0.0796875 0.0921875
8 0.17421875 0.67890625 0.0796875 0.0703125
8 0.0546875 0.67109375 0.0609375 0.053125
8 0.11875 0.64296875 0.0671875 0.0546875
8 0.28125 0.73359375 0.0515625 0.040625
8 0.30234375 0.70703125 0.0375 0.05
8 0.34609375 0.92734375 0.1453125 0.1453125
8 0.26875 0.89140625 0.0765625 0.0890625
8 0.3625 0.8265625 0.0625 0.0703125
8 0.43984375 0.8640625 0.05 0.046875
8 0.41953125 0.81015625 0.04375 0.0421875
8 0.20546875 0.95859375 0.1921875 0.0828125
3 0.8875 0.825 0.1796875 0.1453125
8 0.925 0.41640625 0.15 0.1140625
8 0.6 0.73125 0.0859375 0.09375
8 0.9359375 0.4421875 0.059375 0.0359375