8 0.73125 0.403125 0.2328125 0.2296875
3 0.6359375 0.13046875 0.29375 0.2609375
3 0.5515625 0.3015625 0.178125 0.175
3 0.24765625 0.58984375 0.215625 0.215625
3 0.58203125 0.42265625 0.0828125 0.0828125
8 0.590625 0.56015625 0.0359375 0.0359375
3 0.50546875 0.23125 0.115625 0.115625
3 0.51328125 0.38984375 0.0578125 0.0578125
3 0.6671875 0.53359375 0.08125 0.0796875
3 0.62578125 0.5203125 0.0453125 0.0453125
3 0.478125 0.54140625 0.1375 0.134375
3 0.478125 0.51875 0.0984375 0.0984375
3 0.565625 0.49765625 0.04375 0.04375
3 0.590625 0.4703125 0.0421875 0.040625
3 0.51953125 0.4609375 0.0390625 0.0390625
3 0.36484375 0.41875 0.0828125 0.0828125
3 0.3578125 0.34609375 0.0859375 0.0859375
3 0.1046875 0.4796875 0.209375 0.371875
3 0.19453125 0.27109375 0.1234375 0.1234375
3 0.40078125 0.22421875 0.0890625 0.0875
3 0.38359375 0.2015625 0.1296875 0.1265625