8 0.20390625 0.49375 0.196875 0.1890625
8 0.28125 0.37578125 0.2234375 0.178125
8 0.434375 0.559375 0.2296875 0.1890625
8 0.41484375 0.28125 0.2171875 0.184375
8 0.4984375 0.17734375 0.18125 0.15625
8 0.4640625 0.47578125 0.1140625 0.0984375
8 0.7140625 0.56875 0.2296875 0.21875
8 0.640625 0.625 0.2640625 0.2359375
8 0.61796875 0.2921875 0.0828125 0.0765625
8 0.6921875 0.3859375 0.0921875 0.0875
8 0.975 0.43671875 0.05 0.1265625
8 0.82734375 0.2125 0.2625 0.25
8 0.703125 0.45703125 0.0546875 0.053125
8 0.58828125 0.41640625 0.1109375 0.096875
8 0.61640625 0.44453125 0.0921875 0.0734375
8 0.56953125 0.46953125 0.0953125 0.0921875
8 0.6 0.39453125 0.0484375 0.04375
8 0.52109375 0.32265625 0.103125 0.1015625
8 0.48046875 0.5125 0.1203125 0.0984375
8 0.36015625 0.3125 0.11875 0.1015625
8 0.41015625 0.41015625 0.075 0.0765625
8 0.309375 0.521875 0.0828125 0.0765625
8 0.28984375 0.44609375 0.0625 0.059375
8 0.40625 0.38125 0.0828125 0.0921875
8 0.56640625 0.11484375 0.1203125 0.11875
8 0.58828125 0.0390625 0.1328125 0.078125
8 0.4671875 0.04453125 0.1 0.0890625
8 0.3296875 0.046875 0.1375 0.09375
8 0.43046875 0.13359375 0.065625 0.0625
8 0.68046875 0.2921875 0.065625 0.05625