2 0.4578125 0.67578125 0.0890625 0.171875
2 0.42578125 0.44609375 0.1109375 0.1546875
2 0.48046875 0.3578125 0.2 0.0859375
2 0.2859375 0.5828125 0.1390625 0.16875
2 0.3421875 0.8359375 0.178125 0.11875
2 0.33984375 0.74609375 0.09375 0.14375
2 0.16875 0.6375 0.2046875 0.1125
2 0.04765625 0.71015625 0.0953125 0.1609375
2 0.01484375 0.43984375 0.0296875 0.2453125
2 0.215625 0.14375 0.1359375 0.21875
2 0.49765625 0.1578125 0.1640625 0.1203125
2 0.325 0.0796875 0.13125 0.159375
2 0.90234375 0.4921875 0.15 0.1859375
2 0.88828125 0.303125 0.115625 0.0796875
2 0.81484375 0.15625 0.1703125 0.1921875
2 0.6890625 0.43125 0.1234375 0.1375
2 0.6796875 0.65078125 0.1453125 0.10625
2 0.76640625 0.73515625 0.1046875 0.15625
2 0.87890625 0.67109375 0.175 0.10625
2 0.20703125 0.86484375 0.096875 0.1125
2 0.21171875 0.9375 0.1015625 0.1
2 0.11953125 0.38046875 0.1265625 0.2046875
2 0.265625 0.3140625 0.1859375 0.128125