8 0.5921875 0.35390625 0.2953125 0.2953125
3 0.5625 0.65390625 0.2859375 0.2640625
8 0.33515625 0.3125 0.2203125 0.2265625
3 0.12265625 0.44375 0.2453125 0.3
3 0.23203125 0.60390625 0.2203125 0.21875
3 0.62734375 0.915625 0.2796875 0.16875
3 0.4734375 0.50546875 0.0859375 0.0859375
3 0.421875 0.384375 0.1078125 0.1
3 0.321875 0.5515625 0.09375 0.090625
3 0.47734375 0.72890625 0.19375 0.18125
3 0.3078125 0.875 0.121875 0.1125
3 0.1921875 0.80703125 0.109375 0.1046875
3 0.3125 0.81328125 0.0859375 0.08125
3 0.1734375 0.72265625 0.10625 0.109375
3 0.35 0.94921875 0.0953125 0.090625
3 0.08515625 0.5546875 0.1703125 0.24375
3 0.08046875 0.73515625 0.125 0.121875