2 0.51171875 0.69296875 0.08125 0.1640625
2 0.4734375 0.46796875 0.1046875 0.146875
2 0.525 0.3828125 0.1921875 0.0765625
2 0.3421875 0.5953125 0.1296875 0.159375
2 0.40390625 0.84453125 0.1703125 0.109375
2 0.3984375 0.75703125 0.0875 0.1359375
2 0.22890625 0.64375 0.1953125 0.1015625
2 0.07890625 0.7109375 0.1578125 0.15
2 0.0421875 0.44453125 0.084375 0.2390625
2 0.259375 0.1640625 0.1265625 0.2078125
2 0.53671875 0.1890625 0.1578125 0.1109375
2 0.36484375 0.08984375 0.1234375 0.1796875
2 0.93046875 0.53125 0.121875 0.171875
2 0.92109375 0.34609375 0.1109375 0.071875
2 0.8453125 0.19921875 0.1609375 0.18125
2 0.7296875 0.46328125 0.1171875 0.128125
2 0.728125 0.67734375 0.1390625 0.0984375
2 0.81484375 0.76328125 0.096875 0.1484375
2 0.9109375 0.703125 0.1515625 0.1015625
2 0.271875 0.86796875 0.090625 0.10625
2 0.28046875 0.94375 0.0953125 0.1046875
2 0.17265625 0.390625 0.11875 0.1953125
2 0.31484375 0.33125 0.178125 0.1171875