8 0.5703125 0.6875 0.178125 0.16875
8 0.6796875 0.4546875 0.2609375 0.2234375
8 0.33671875 0.48671875 0.209375 0.2046875
8 0.1765625 0.58125 0.315625 0.3109375
8 0.68359375 0.12890625 0.23125 0.1796875
3 0.68828125 0.240625 0.2265625 0.2171875
8 0.13515625 0.42421875 0.2703125 0.3015625
3 0.53515625 0.36328125 0.103125 0.109375
8 0.415625 0.54375 0.0828125 0.0734375
8 0.50859375 0.2421875 0.1203125 0.1140625
3 0.42265625 0.3328125 0.084375 0.0828125
3 0.5671875 0.52734375 0.0921875 0.0796875
3 0.609375 0.26484375 0.0953125 0.08125
3 0.4609375 0.3796875 0.1375 0.134375
3 0.32890625 0.4015625 0.1453125 0.121875
8 0.28671875 0.35 0.115625 0.090625
3 0.4734375 0.2 0.09375 0.0796875
3 0.0453125 0.2421875 0.090625 0.084375