8 0.74296875 0.440625 0.2390625 0.215625
3 0.69453125 0.1421875 0.303125 0.2734375
3 0.58203125 0.31171875 0.1875 0.159375
3 0.23671875 0.54921875 0.215625 0.209375
3 0.59296875 0.43671875 0.078125 0.0828125
8 0.58046875 0.5734375 0.0359375 0.0359375
3 0.54765625 0.2359375 0.1125 0.115625
3 0.5296875 0.39296875 0.059375 0.0546875
3 0.66015625 0.559375 0.08125 0.0765625
3 0.62109375 0.53984375 0.04375 0.04375
3 0.471875 0.5375 0.14375 0.125
3 0.47578125 0.515625 0.0953125 0.0984375
3 0.565625 0.5078125 0.04375 0.0421875
3 0.59453125 0.484375 0.0421875 0.0390625
3 0.52578125 0.4640625 0.0390625 0.0375
3 0.3796875 0.3984375 0.0828125 0.0796875
3 0.38359375 0.32578125 0.090625 0.0796875
3 0.10546875 0.40625 0.2109375 0.378125
3 0.234375 0.2265625 0.1203125 0.121875
3 0.4453125 0.2125 0.0921875 0.0828125
3 0.43203125 0.1875 0.1359375 0.115625