8 0.61875 0.84140625 0.253125 0.315625
8 0.59921875 0.63125 0.109375 0.096875
8 0.36015625 0.3859375 0.19375 0.24375
8 0.3265625 0.48046875 0.090625 0.0765625
8 0.4671875 0.65390625 0.1 0.09375
8 0.6375 0.60546875 0.1140625 0.1359375
8 0.74765625 0.6203125 0.21875 0.265625
8 0.4171875 0.7140625 0.1421875 0.1734375
8 0.25546875 0.81484375 0.3046875 0.35
8 0.24609375 0.64453125 0.071875 0.0625
8 0.33515625 0.64453125 0.115625 0.1203125
8 0.23125 0.52890625 0.08125 0.075
8 0.17265625 0.39453125 0.1953125 0.2359375
8 0.134375 0.79921875 0.0625 0.0640625
8 0.3671875 0.54140625 0.096875 0.115625
8 0.44765625 0.53203125 0.09375 0.0890625
8 0.51015625 0.45234375 0.0875 0.078125
8 0.5515625 0.37890625 0.178125 0.2203125
8 0.65703125 0.4125 0.08125 0.084375
8 0.69375 0.48125 0.065625 0.065625
8 0.7453125 0.46875 0.078125 0.0921875
8 0.7 0.36953125 0.084375 0.10625
8 0.79140625 0.3734375 0.1671875 0.153125