8 0.346875 0.46875 0.240625 0.134375
8 0.26640625 0.50859375 0.203125 0.1296875
8 0.67734375 0.63203125 0.2640625 0.2078125
8 0.65625 0.56875 0.2546875 0.196875
8 0.49453125 0.5921875 0.0890625 0.0796875
8 0.4859375 0.65625 0.0703125 0.0609375
8 0.43203125 0.42421875 0.103125 0.065625
8 0.51796875 0.49765625 0.06875 0.0734375
8 0.43359375 0.44765625 0.0625 0.0546875
8 0.3859375 0.53828125 0.0765625 0.078125
8 0.67734375 0.7828125 0.1234375 0.1609375
8 0.59140625 0.7609375 0.1484375 0.1734375
3 0.46484375 0.815625 0.0765625 0.046875
3 0.57578125 0.8703125 0.08125 0.05
3 0.6703125 0.92890625 0.0734375 0.05
3 0.6234375 0.98125 0.140625 0.0375
8 0.0875 0.8046875 0.175 0.178125
8 0.03515625 0.7390625 0.0703125 0.084375
8 0.046875 0.63828125 0.09375 0.1265625
8 0.45390625 0.64375 0.1125 0.0953125
8 0.40546875 0.678125 0.0765625 0.0515625
8 0.62890625 0.45859375 0.2015625 0.13125
8 0.40546875 0.378125 0.1765625 0.0953125
8 0.57578125 0.378125 0.071875 0.0640625
8 0.46015625 0.340625 0.0640625 0.053125
8 0.53359375 0.26953125 0.19375 0.190625