3 0.659375 0.515625 0.2328125 0.2921875
3 0.696875 0.61953125 0.1703125 0.2109375
3 0.853125 0.56484375 0.2109375 0.2703125
3 0.5265625 0.6625 0.1625 0.1375
3 0.509375 0.72578125 0.165625 0.1421875
3 0.65390625 0.82265625 0.15 0.1375
3 0.63828125 0.875 0.178125 0.1765625
3 0.92265625 0.2828125 0.1546875 0.21875
3 0.8984375 0.4171875 0.1859375 0.18125
3 0.81484375 0.4703125 0.1375 0.1265625
3 0.8296875 0.2203125 0.190625 0.2171875
3 0.7203125 0.32578125 0.1578125 0.1640625
3 0.69375 0.25078125 0.1296875 0.153125
3 0.66796875 0.14453125 0.2203125 0.2515625
3 0.521875 0.36640625 0.2140625 0.25
3 0.44765625 0.3375 0.1921875 0.2234375
3 0.4 0.48671875 0.178125 0.1578125
3 0.4171875 0.60625 0.121875 0.14375
3 0.39609375 0.90390625 0.1 0.103125
3 0.36328125 0.175 0.2265625 0.2859375
3 0.1375 0.34453125 0.2390625 0.2296875
3 0.20234375 0.1859375 0.1625 0.1671875
3 0.2640625 0.48671875 0.096875 0.0890625
3 0.3046875 0.6 0.1828125 0.1703125
3 0.2140625 0.7109375 0.1109375 0.1125
3 0.38671875 0.77421875 0.1453125 0.15
3 0.5203125 0.80078125 0.11875 0.0953125
3 0.59453125 0.46328125 0.1421875 0.178125
3 0.540625 0.07421875 0.11875 0.1484375
3 0.53203125 0.20234375 0.0890625 0.0875
3 0.82109375 0.36796875 0.0546875 0.0546875
3 0.78125 0.34921875 0.04375 0.0453125
3 0.565625 0.31640625 0.125 0.1265625
3 0.61875 0.32265625 0.06875 0.0796875
3 0.58125 0.15625 0.0796875 0.08125
3 0.45546875 0.16484375 0.096875 0.096875
3 0.1578125 0.228125 0.1171875 0.1234375
3 0.23046875 0.3453125 0.0609375 0.0625
3 0.0453125 0.4984375 0.090625 0.16875
3 0.06875 0.5609375 0.11875 0.140625
3 0.48984375 0.5671875 0.059375 0.0734375
3 0.71796875 0.4671875 0.059375 0.05625
3 0.29375 0.91640625 0.0609375 0.071875
3 0.1390625 0.5796875 0.0515625 0.046875