8 0.37734375 0.83984375 0.1859375 0.30625
8 0.49453125 0.6640625 0.1 0.0765625
8 0.46328125 0.3234375 0.1421875 0.2375
8 0.37734375 0.37578125 0.0859375 0.059375
8 0.378125 0.59921875 0.0890625 0.078125
8 0.540625 0.66875 0.0890625 0.128125
8 0.61640625 0.74921875 0.1640625 0.25625
8 0.30078125 0.6140625 0.10625 0.1671875
8 0.115625 0.590625 0.23125 0.328125
8 0.21171875 0.45234375 0.0671875 0.0484375
8 0.28125 0.50859375 0.0984375 0.10625
8 0.2734375 0.353125 0.0734375 0.0625
8 0.31171875 0.21171875 0.1484375 0.225
8 0.02734375 0.50234375 0.053125 0.0546875
8 0.37109375 0.4484375 0.0734375 0.1109375
8 0.4390625 0.4921875 0.0828125 0.0765625
8 0.5375 0.46953125 0.0796875 0.0625
8 0.61640625 0.43828125 0.13125 0.2140625
8 0.67734375 0.53125 0.06875 0.075
8 0.6625 0.60703125 0.0578125 0.05625
8 0.71015625 0.6296875 0.0609375 0.0859375
8 0.7375 0.525 0.0609375 0.1046875
8 0.80546875 0.58515625 0.1515625 0.1265625