8 0.3640625 0.4234375 0.2390625 0.1578125
8 0.32890625 0.33984375 0.2046875 0.1484375
8 0.7203125 0.51640625 0.271875 0.228125
8 0.66328125 0.55078125 0.2609375 0.215625
8 0.55625 0.4265625 0.09375 0.0859375
8 0.5921875 0.37265625 0.0734375 0.0671875
8 0.39921875 0.5125 0.103125 0.075
8 0.51171875 0.5140625 0.0734375 0.0765625
8 0.415625 0.49609375 0.0640625 0.059375
8 0.4390625 0.396875 0.08125 0.0828125
8 0.81953125 0.403125 0.1359375 0.1640625
8 0.73984375 0.36328125 0.159375 0.1796875
3 0.68046875 0.23828125 0.0765625 0.053125
3 0.8 0.2703125 0.08125 0.0578125
3 0.91015625 0.28828125 0.075 0.05625
3 0.92890625 0.19375 0.1421875 0.1125
8 0.3625 0.0375 0.253125 0.075
8 0.28359375 0.02109375 0.1328125 0.0421875
8 0.22265625 0.07421875 0.16875 0.1390625
8 0.559375 0.3609375 0.115625 0.103125
8 0.5453125 0.30390625 0.0765625 0.0578125
8 0.56953125 0.615625 0.2015625 0.1484375
8 0.34921875 0.53046875 0.175 0.1125
8 0.47734375 0.64140625 0.075 0.06875
8 0.365625 0.59453125 0.065625 0.0578125
8 0.37421875 0.69609375 0.2046875 0.2015625