3 0.6796875 0.2359375 0.271875 0.24375
3 0.7515625 0.28359375 0.1875 0.1875
3 0.38984375 0.603125 0.221875 0.1921875
3 0.29140625 0.53359375 0.2953125 0.24375
3 0.16171875 0.3890625 0.259375 0.221875
3 0.353125 0.146875 0.2484375 0.25
3 0.38125 0.26484375 0.1125 0.1
3 0.3078125 0.3390625 0.0828125 0.08125
3 0.4734375 0.296875 0.1078125 0.09375
3 0.6515625 0.409375 0.0859375 0.078125
3 0.65546875 0.48046875 0.0609375 0.0578125
3 0.39140625 0.41015625 0.071875 0.075
3 0.38203125 0.3765625 0.0921875 0.08125
3 0.52265625 0.33984375 0.090625 0.090625
3 0.425 0.30078125 0.0734375 0.065625
3 0.80546875 0.1125 0.1015625 0.09375
3 0.5140625 0.4890625 0.0875 0.0734375
3 0.5453125 0.50625 0.06875 0.071875
3 0.58203125 0.546875 0.0625 0.059375
3 0.4921875 0.73046875 0.1796875 0.1890625
3 0.6453125 0.72734375 0.2046875 0.2265625
3 0.53359375 0.8203125 0.0828125 0.0734375
3 0.5703125 0.75 0.0859375 0.084375
3 0.5234375 0.88515625 0.184375 0.1703125
3 0.61328125 0.86328125 0.0484375 0.053125
3 0.65390625 0.8828125 0.0671875 0.0578125
3 0.67109375 0.934375 0.1265625 0.1
3 0.7203125 0.9125 0.075 0.0796875
3 0.76328125 0.821875 0.13125 0.1171875
3 0.32578125 0.96171875 0.1109375 0.0765625
3 0.3453125 0.8796875 0.15 0.134375
3 0.38671875 0.825 0.1515625 0.1484375
3 0.24765625 0.83984375 0.146875 0.1375
3 0.48984375 0.9578125 0.1046875 0.084375
3 0.46015625 0.91484375 0.103125 0.090625
3 0.18203125 0.87578125 0.08125 0.0671875
3 0.29609375 0.78203125 0.084375 0.0859375
3 0.3171875 0.71796875 0.1640625 0.11875
3 0.23828125 0.95078125 0.0421875 0.03125
3 0.23671875 0.91796875 0.0390625 0.028125
3 0.63828125 0.62890625 0.096875 0.0734375
3 0.57421875 0.6171875 0.053125 0.05625
3 0.5625 0.578125 0.040625 0.040625
3 0.44921875 0.64609375 0.0578125 0.059375
3 0.56953125 0.69609375 0.0359375 0.034375
3 0.53359375 0.9109375 0.0703125 0.053125
3 0.6078125 0.68359375 0.040625 0.03125
3 0.81015625 0.75 0.0609375 0.05625
3 0.76015625 0.69140625 0.0859375 0.0796875
3 0.60625 0.57421875 0.0546875 0.0453125
3 0.54296875 0.62890625 0.053125 0.0421875
3 0.634375 0.6015625 0.0453125 0.0375
3 0.61484375 0.62890625 0.0515625 0.0484375
3 0.7203125 0.53671875 0.0890625 0.0765625
3 0.6796875 0.54140625 0.0453125 0.0453125
3 0.80390625 0.49296875 0.0875 0.065625
3 0.86640625 0.47890625 0.0375 0.0296875
3 0.8203125 0.796875 0.071875 0.0625
3 0.8671875 0.69375 0.1625 0.209375
3 0.9625 0.78828125 0.053125 0.0515625
3 0.865625 0.421875 0.128125 0.121875
3 0.94921875 0.39375 0.0625 0.0609375
3 0.93828125 0.4578125 0.0796875 0.0671875
3 0.990625 0.53359375 0.01875 0.0734375
3 0.9828125 0.45078125 0.034375 0.0703125
3 0.9859375 0.39609375 0.028125 0.0546875
3 0.89296875 0.334375 0.065625 0.05625
3 0.2828125 0.19609375 0.1171875 0.1109375
3 0.20390625 0.27421875 0.1109375 0.1015625
3 0.5171875 0.65859375 0.05 0.04375
3 0.54375 0.66484375 0.03125 0.0265625
3 0.4203125 0.74296875 0.059375 0.05625
3 0.44296875 0.86328125 0.05625 0.0421875
3 0.371875 0.91875 0.04375 0.0359375