3 0.52421875 0.5890625 0.1875 0.090625
3 0.575 0.4765625 0.1640625 0.0890625
3 0.28984375 0.640625 0.1484375 0.1109375
3 0.17109375 0.5546875 0.1609375 0.1015625
3 0.1078125 0.45625 0.20625 0.1609375
3 0.29296875 0.40390625 0.071875 0.078125
3 0.196875 0.27109375 0.1375 0.0640625
3 0.9203125 0.60390625 0.159375 0.0984375
3 0.890625 0.70390625 0.21875 0.1375
3 0.2765625 0.4796875 0.06875 0.0546875
3 0.2828125 0.5484375 0.05625 0.059375
3 0.3390625 0.55234375 0.0609375 0.046875
3 0.3703125 0.5828125 0.04375 0.0359375
3 0.45625 0.5265625 0.0984375 0.0453125
3 0.4515625 0.63515625 0.0546875 0.0375
3 0.3703125 0.64296875 0.0578125 0.04375
3 0.46796875 0.49375 0.059375 0.0703125
3 0.44765625 0.428125 0.0578125 0.05
3 0.43203125 0.38984375 0.103125 0.040625
3 0.71484375 0.35078125 0.0984375 0.121875
3 0.58359375 0.31484375 0.1109375 0.1
3 0.69609375 0.25703125 0.11875 0.046875
3 0.46640625 0.221875 0.1625 0.1078125
3 0.66484375 0.16484375 0.1296875 0.071875
3 0.6359375 0.209375 0.075 0.03125
3 0.540625 0.178125 0.0359375 0.03125
3 0.5 0.11640625 0.090625 0.0359375
3 0.57265625 0.08359375 0.0640625 0.0296875
3 0.5609375 0.2140625 0.040625 0.03125
3 0.56328125 0.24375 0.06875 0.0375
3 0.4390625 0.08359375 0.1375 0.128125
3 0.86015625 0.1765625 0.2796875 0.0796875
3 0.8 0.06484375 0.0890625 0.0625
3 0.9125 0.03125 0.078125 0.0359375
3 0.93671875 0.3640625 0.1265625 0.040625
3 0.95625 0.3203125 0.0875 0.0375
3 0.81171875 0.21015625 0.0828125 0.0578125
3 0.1828125 0.15703125 0.0640625 0.0578125
3 0.18515625 0.08984375 0.0578125 0.025
3 0.02421875 0.05625 0.0484375 0.0296875
3 0.26640625 0.03828125 0.090625 0.059375
3 0.17890625 0.0203125 0.0640625 0.040625
3 0.096875 0.14609375 0.0546875 0.015625
3 0.07265625 0.06875 0.059375 0.0265625
3 0.10546875 0.20234375 0.084375 0.034375
3 0.16484375 0.2078125 0.078125 0.06875
3 0.26328125 0.32265625 0.0953125 0.03125
3 0.1765625 0.353125 0.0984375 0.0328125
3 0.51328125 0.29140625 0.0859375 0.028125
3 0.365625 0.290625 0.053125 0.021875
3 0.42421875 0.32265625 0.0390625 0.034375
3 0.28671875 0.415625 0.10625 0.0328125
3 0.55234375 0.03125 0.028125 0.028125
3 0.45703125 0.01484375 0.08125 0.0265625
3 0.64296875 0.03046875 0.1171875 0.0609375
3 0.63203125 0.08046875 0.109375 0.059375