8 0.559375 0.7609375 0.165625 0.1734375
8 0.684375 0.5828125 0.21875 0.1609375
8 0.74140625 0.43984375 0.26875 0.19375
8 0.7296875 0.3140625 0.2640625 0.171875
8 0.4546875 0.653125 0.1859375 0.1328125
8 0.36875 0.56328125 0.2296875 0.15625
8 0.30625 0.50703125 0.2015625 0.14375
8 0.365625 0.34453125 0.115625 0.08125
8 0.4609375 0.47109375 0.0625 0.0703125
8 0.546875 0.40625 0.0765625 0.084375
8 0.58125 0.525 0.08125 0.08125
8 0.47578125 0.58203125 0.059375 0.06875
8 0.59375 0.66640625 0.0796875 0.0671875
8 0.51171875 0.68671875 0.0625 0.0515625
8 0.46015625 0.4328125 0.078125 0.05625
8 0.5453125 0.40546875 0.08125 0.0875
8 0.49375 0.32578125 0.0671875 0.071875
8 0.5359375 0.275 0.096875 0.0625
8 0.5796875 0.6296875 0.0625 0.05
8 0.33515625 0.278125 0.0953125 0.1
8 0.4796875 0.1375 0.159375 0.165625
8 0.0984375 0.31875 0.0828125 0.0765625
8 0.10546875 0.440625 0.196875 0.228125
8 0.1875 0.11953125 0.1375 0.115625
8 0.1578125 0.2609375 0.084375 0.0640625
8 0.19140625 0.36015625 0.065625 0.06875
8 0.23046875 0.275 0.0859375 0.0625
8 0.26171875 0.20546875 0.0890625 0.059375
8 0.29140625 0.221875 0.1265625 0.0765625
8 0.44609375 0.209375 0.075 0.0671875
8 0.45625 0.0140625 0.1 0.028125
8 0.68671875 0.04375 0.0859375 0.0578125
8 0.4265625 0.040625 0.0671875 0.046875
8 0.50859375 0.01796875 0.0515625 0.0359375