3 0.64453125 0.51015625 0.1546875 0.096875
3 0.63828125 0.5984375 0.225 0.1109375
3 0.16953125 0.65390625 0.2640625 0.1375
3 0.23671875 0.8328125 0.2125 0.1234375
3 0.5296875 0.85078125 0.184375 0.1296875
3 0.17265625 0.540625 0.1546875 0.1421875
3 0.3984375 0.95234375 0.1875 0.0953125
3 0.353125 0.76875 0.0578125 0.0625
3 0.34609375 0.88046875 0.0765625 0.0609375
3 0.33984375 0.6703125 0.046875 0.05625
3 0.36171875 0.696875 0.08125 0.0453125
3 0.478125 0.6359375 0.0515625 0.065625
3 0.48359375 0.68515625 0.0890625 0.0578125
3 0.45 0.72109375 0.059375 0.0375
3 0.45 0.7734375 0.075 0.065625
3 0.4578125 0.88203125 0.0828125 0.0609375
3 0.87578125 0.615625 0.2484375 0.1046875
3 0.95 0.76796875 0.1 0.0765625
3 0.5015625 0.50234375 0.0609375 0.0546875
3 0.915625 0.36171875 0.134375 0.1375
3 0.771875 0.33515625 0.1484375 0.10625
3 0.44140625 0.4359375 0.046875 0.040625
3 0.33984375 0.440625 0.059375 0.04375
3 0.35390625 0.5046875 0.0671875 0.0578125
3 0.34453125 0.525 0.08125 0.0359375
3 0.2234375 0.371875 0.1703125 0.153125
3 0.27109375 0.18984375 0.0703125 0.0640625
3 0.37421875 0.2609375 0.11875 0.178125
3 0.61328125 0.35234375 0.0890625 0.1015625
3 0.1234375 0.4671875 0.1515625 0.10625
3 0.16484375 0.41640625 0.084375 0.05625
3 0.0671875 0.38984375 0.0796875 0.046875
3 0.03359375 0.3359375 0.0671875 0.1171875
3 0.22109375 0.24921875 0.1375 0.0640625
3 0.05625 0.215625 0.1125 0.059375
3 0.078125 0.14140625 0.065625 0.059375
3 0.046875 0.1578125 0.09375 0.0640625
3 0.1234375 0.075 0.06875 0.075
3 0.1234375 0.01953125 0.1 0.0390625
3 0.0484375 0.015625 0.025 0.021875
3 0.3359375 0.1515625 0.1078125 0.0453125
3 0.2296875 0.13828125 0.078125 0.0359375
3 0.203125 0.1859375 0.0671875 0.0328125
3 0.084375 0.2734375 0.071875 0.0421875
3 0.275 0.30234375 0.0546875 0.03125
3 0.1921875 0.05859375 0.021875 0.021875
3 0.34453125 0.11640625 0.0765625 0.053125
3 0.35859375 0.06171875 0.071875 0.046875
3 0.45234375 0.065625 0.115625 0.13125
3 0.5390625 0.02578125 0.053125 0.0515625
3 0.5765625 0.04921875 0.0578125 0.025
3 0.54609375 0.2015625 0.0859375 0.0640625
3 0.6234375 0.17890625 0.0875 0.046875
3 0.65234375 0.146875 0.0625 0.053125
3 0.6625 0.1078125 0.071875 0.03125
3 0.7671875 0.028125 0.0546875 0.04375
3 0.73671875 0.0765625 0.059375 0.0484375
3 0.846875 0.06171875 0.0484375 0.0625
3 0.83671875 0.0234375 0.03125 0.015625
3 0.8078125 0.0078125 0.028125 0.015625
3 0.8015625 0.0609375 0.034375 0.021875
3 0.834375 0.12734375 0.1015625 0.05625
3 0.76015625 0.2328125 0.0609375 0.0234375
3 0.8140625 0.21328125 0.0984375 0.0578125
3 0.73359375 0.209375 0.078125 0.040625
3 0.6140625 0.21953125 0.0375 0.0328125
3 0.69375 0.2578125 0.0984375 0.028125
3 0.68515625 0.32109375 0.040625 0.05
3 0.790625 0.1046875 0.03125 0.046875
3 0.81484375 0.2671875 0.06875 0.0328125
3 0.9140625 0.2671875 0.078125 0.015625
3 0.571875 0.28828125 0.0359375 0.0234375
3 0.521875 0.3171875 0.0796875 0.0421875
3 0.3984375 0.334375 0.0453125 0.0375
3 0.3234375 0.35546875 0.0625 0.0234375
3 0.3109375 0.31875 0.05 0.01875