8 0.315625 0.4453125 0.2421875 0.15625
8 0.80390625 0.46953125 0.29375 0.1859375
8 0.72578125 0.43984375 0.275 0.178125
8 0.528125 0.74375 0.253125 0.16875
8 0.19375 0.696875 0.2546875 0.265625
8 0.346875 0.7046875 0.225 0.1453125
8 0.328125 0.590625 0.2734375 0.2296875
8 0.42578125 0.5140625 0.028125 0.028125
8 0.45703125 0.51171875 0.115625 0.0953125
8 0.4984375 0.925 0.1890625 0.1328125
8 0.63671875 0.8703125 0.3640625 0.259375
8 0.53515625 0.7609375 0.0671875 0.053125
8 0.37109375 0.7796875 0.11875 0.096875
8 0.596875 0.43125 0.096875 0.0921875
8 0.565625 0.20625 0.2296875 0.2140625
8 0.43984375 0.315625 0.10625 0.0890625