8 0.52890625 0.234375 0.13125 0.14375
8 0.35234375 0.36171875 0.196875 0.109375
8 0.2515625 0.478125 0.24375 0.128125
8 0.22265625 0.6015625 0.246875 0.1046875
8 0.59296875 0.3703125 0.16875 0.0875
8 0.64453125 0.4828125 0.2125 0.1
8 0.6859375 0.55625 0.184375 0.0953125
8 0.5765625 0.690625 0.10625 0.053125
8 0.52734375 0.540625 0.0484375 0.059375
8 0.425 0.5734375 0.059375 0.0703125
8 0.43125 0.44921875 0.065625 0.065625
8 0.55 0.43046875 0.0453125 0.059375
8 0.465625 0.31171875 0.0703125 0.05
8 0.55 0.31953125 0.053125 0.0390625
8 0.515625 0.5765625 0.071875 0.0375
8 0.42578125 0.57421875 0.0640625 0.071875
8 0.44921875 0.6671875 0.053125 0.059375
8 0.3921875 0.7015625 0.0890625 0.0390625
8 0.46640625 0.3515625 0.0546875 0.0359375
8 0.58359375 0.76328125 0.075 0.08125
8 0.40078125 0.84921875 0.125 0.1359375
8 0.8203125 0.8015625 0.06875 0.059375
8 0.85390625 0.684375 0.146875 0.196875
8 0.671875 0.959375 0.11875 0.08125
8 0.74609375 0.8375 0.0765625 0.04375
8 0.74609375 0.7328125 0.053125 0.05625
8 0.68125 0.80078125 0.078125 0.0421875
8 0.6296875 0.85625 0.0828125 0.0359375
8 0.60703125 0.83046875 0.1203125 0.04375
8 0.45625 0.7921875 0.0640625 0.0515625
8 0.37890625 0.98515625 0.096875 0.0265625
8 0.175 0.87109375 0.0796875 0.0359375
8 0.4203125 0.9578125 0.0609375 0.0296875
8 0.334375 0.953125 0.0453125 0.028125