3 0.26015625 0.228125 0.175 0.1671875
3 0.41875 0.2890625 0.1703125 0.1609375
3 0.20390625 0.39765625 0.18125 0.11875
3 0.64140625 0.475 0.209375 0.140625
3 0.68359375 0.53984375 0.134375 0.125
3 0.24296875 0.5515625 0.2234375 0.128125
3 0.4015625 0.3828125 0.0921875 0.0625
3 0.284375 0.64375 0.1609375 0.121875
3 0.4671875 0.44765625 0.084375 0.0609375
3 0.48203125 0.4921875 0.0625 0.0625
3 0.42734375 0.60234375 0.0703125 0.0375
3 0.5546875 0.596875 0.06875 0.0484375
3 0.428125 0.63203125 0.0515625 0.0546875
3 0.5359375 0.65234375 0.04375 0.0359375
3 0.45078125 0.675 0.0453125 0.0375
3 0.35859375 0.4953125 0.0453125 0.053125
3 0.371875 0.46796875 0.0640625 0.04375
3 0.42734375 0.42734375 0.05625 0.0375
3 0.26796875 0.32890625 0.0734375 0.0578125
3 0.34765625 0.29765625 0.071875 0.065625
3 0.32421875 0.415625 0.05625 0.05625
3 0.2546875 0.92265625 0.190625 0.1546875
3 0.4671875 0.95859375 0.0484375 0.065625
3 0.4828125 0.86953125 0.05625 0.025
3 0.4546875 0.84453125 0.0421875 0.0234375
3 0.40078125 0.89375 0.053125 0.025
3 0.4484375 0.709375 0.0359375 0.0390625
3 0.43984375 0.7765625 0.0609375 0.03125
3 0.46796875 0.75625 0.03125 0.0125
3 0.56328125 0.68828125 0.0640625 0.040625
3 0.58984375 0.70390625 0.0671875 0.034375
3 0.58359375 0.803125 0.04375 0.046875
3 0.4046875 0.7109375 0.0375 0.0234375
3 0.42421875 0.72265625 0.0203125 0.0140625
3 0.48046875 0.7078125 0.0375 0.0171875
3 0.12890625 0.88125 0.1828125 0.2375
3 0.0984375 0.74140625 0.1046875 0.053125
3 0.20234375 0.72265625 0.078125 0.0578125
3 0.2109375 0.80703125 0.1484375 0.1109375
3 0.34765625 0.7328125 0.115625 0.0484375
3 0.21328125 0.746875 0.071875 0.0328125
3 0.2484375 0.71015625 0.0546875 0.0390625
3 0.359375 0.77578125 0.109375 0.0421875
3 0.25 0.684375 0.1140625 0.0375
3 0.365625 0.678125 0.03125 0.0375
3 0.25 0.8828125 0.090625 0.0984375
3 0.359375 0.83984375 0.040625 0.025
3 0.715625 0.66484375 0.090625 0.0828125
3 0.790625 0.6828125 0.0453125 0.0421875
3 0.64140625 0.68359375 0.0703125 0.0453125
3 0.68984375 0.70625 0.0296875 0.015625
3 0.58984375 0.76171875 0.05625 0.021875
3 0.7515625 0.725 0.0640625 0.0359375
3 0.79921875 0.72265625 0.0484375 0.028125
3 0.7828125 0.75234375 0.040625 0.0390625
3 0.66328125 0.91796875 0.0375 0.0296875
3 0.87265625 0.703125 0.140625 0.1515625
3 0.87109375 0.609375 0.053125 0.0421875
3 0.7828125 0.6140625 0.040625 0.025
3 0.86953125 0.6671875 0.0390625 0.06875
3 0.97109375 0.83671875 0.03125 0.015625
3 0.9671875 0.6578125 0.065625 0.140625
3 0.91796875 0.75234375 0.0890625 0.0453125
3 0.87734375 0.43125 0.240625 0.109375
3 0.7921875 0.65234375 0.053125 0.01875
3 0.43671875 0.89453125 0.0453125 0.0171875
3 0.415625 0.8671875 0.0375 0.0125
3 0.43359375 0.79765625 0.0296875 0.025
3 0.4890625 0.721875 0.03125 0.0234375
3 0.47265625 0.7453125 0.0171875 0.0125
3 0.40234375 0.8578125 0.046875 0.0171875
3 0.4828125 0.8859375 0.0765625 0.0328125
3 0.36171875 0.80859375 0.040625 0.01875