8 0.55 0.83046875 0.2078125 0.1859375
8 0.7296875 0.59609375 0.31875 0.1375
8 0.23515625 0.58515625 0.2890625 0.146875
8 0.1421875 0.4328125 0.2828125 0.2046875
3 0.7984375 0.3234375 0.2078125 0.1328125
8 0.66171875 0.465625 0.134375 0.1203125
8 0.3859375 0.696875 0.146875 0.0921875
3 0.1078125 0.3203125 0.215625 0.19375
3 0.415625 0.48984375 0.090625 0.0484375
3 0.390625 0.271875 0.0921875 0.1
3 0.6015625 0.24921875 0.0859375 0.0703125
3 0.584375 0.0390625 0.1125 0.078125
3 0.69453125 0.03125 0.178125 0.0625
3 0.31796875 0.1921875 0.059375 0.05625
3 0.2828125 0.04453125 0.0875 0.0890625
3 0.38984375 0.1859375 0.08125 0.0484375
3 0.515625 0.31328125 0.1546875 0.0625
3 0.31953125 0.47890625 0.1046875 0.1375
3 0.5875 0.4890625 0.159375 0.0640625
3 0.55234375 0.4390625 0.0828125 0.053125
8 0.628125 0.715625 0.1296875 0.075
3 0.73359375 0.14609375 0.0890625 0.0765625
3 0.57890625 0.13515625 0.134375 0.040625
3 0.0859375 0.05390625 0.121875 0.1015625
3 0.2515625 0.16015625 0.0640625 0.04375
3 0.3734375 0.41640625 0.1421875 0.0828125