2 0.64296875 0.43515625 0.1203125 0.25
2 0.7359375 0.49609375 0.096875 0.1859375
2 0.8359375 0.36875 0.0953125 0.2984375
2 0.76328125 0.6046875 0.1328125 0.10625
2 0.59609375 0.5984375 0.15 0.115625
2 0.628125 0.67734375 0.1640625 0.1140625
2 0.78515625 0.67265625 0.1203125 0.1203125
2 0.8015625 0.74140625 0.1328125 0.159375
2 0.9140625 0.42421875 0.1265625 0.140625
2 0.78046875 0.08203125 0.125 0.1640625
2 0.80390625 0.19921875 0.1296875 0.1296875
2 0.75390625 0.29296875 0.1171875 0.0953125
2 0.6484375 0.08046875 0.134375 0.1609375
2 0.61640625 0.19140625 0.1234375 0.140625
2 0.54609375 0.16875 0.0890625 0.16875
2 0.46484375 0.0890625 0.1296875 0.178125
2 0.42578125 0.3390625 0.0875 0.2
2 0.45859375 0.26953125 0.1171875 0.1125
2 0.36796875 0.375 0.1140625 0.2015625
2 0.39765625 0.51875 0.1578125 0.1234375
2 0.4703125 0.625 0.071875 0.13125
2 0.58515625 0.5984375 0.15 0.053125
2 0.59765625 0.89140625 0.0734375 0.0921875
2 0.21953125 0.26328125 0.1140625 0.3046875
2 0.1078125 0.525 0.1796875 0.16875
2 0.0734375 0.38359375 0.11875 0.1546875
2 0.0796875 0.665625 0.1359375 0.1421875
2 0.275 0.59921875 0.0984375 0.0625
2 0.3546875 0.68046875 0.2015625 0.1171875
2 0.33125 0.81953125 0.1109375 0.1171875
2 0.525 0.7875 0.10625 0.1234375
2 0.64921875 0.7359375 0.125 0.0890625
2 0.559375 0.41953125 0.090625 0.2203125