3 0.34765625 0.44921875 0.1390625 0.284375
3 0.27109375 0.52890625 0.1046875 0.2015625
3 0.15078125 0.415625 0.121875 0.265625
3 0.41015625 0.6375 0.1515625 0.090625
3 0.39921875 0.70234375 0.1515625 0.0953125
3 0.228125 0.73203125 0.1296875 0.1
3 0.22109375 0.7859375 0.14375 0.140625
3 0.18046875 0.11953125 0.15 0.1890625
3 0.16953125 0.2625 0.153125 0.1421875
3 0.22421875 0.3453125 0.1203125 0.0921875
3 0.3125 0.11015625 0.13125 0.1953125
3 0.36953125 0.2515625 0.121875 0.1375
3 0.42421875 0.19375 0.0828125 0.14375
3 0.48984375 0.11015625 0.1515625 0.2203125
3 0.534375 0.36953125 0.14375 0.2296875
3 0.6140625 0.37265625 0.128125 0.20625
3 0.59609375 0.528125 0.159375 0.1109375
3 0.5328125 0.63125 0.08125 0.134375
3 0.43125 0.9109375 0.078125 0.0859375
3 0.75703125 0.25859375 0.134375 0.278125
3 0.89453125 0.50546875 0.1984375 0.178125
3 0.9 0.33359375 0.1265625 0.1390625
3 0.72109375 0.58359375 0.084375 0.065625
3 0.6375 0.67109375 0.1578125 0.1265625
3 0.67578125 0.809375 0.0875 0.0921875
3 0.4921875 0.796875 0.1125 0.125
3 0.359375 0.76640625 0.115625 0.05625
3 0.42890625 0.428125 0.0859375 0.171875
3 0.6359375 0.09453125 0.0703125 0.1453125
3 0.59140625 0.21484375 0.0734375 0.0703125
3 0.2609375 0.2484375 0.04375 0.04375
3 0.3046875 0.24765625 0.034375 0.0375
3 0.51484375 0.30625 0.0984375 0.1046875
3 0.4640625 0.28984375 0.046875 0.071875
3 0.565625 0.153125 0.0625 0.0671875
3 0.67734375 0.21171875 0.078125 0.078125
3 0.92265625 0.39140625 0.0890625 0.1046875
3 0.809375 0.46796875 0.0484375 0.0515625
3 0.9421875 0.69609375 0.1046875 0.1515625
3 0.86953125 0.73125 0.078125 0.1296875
3 0.48203125 0.565625 0.0359375 0.071875
3 0.3140625 0.38125 0.05 0.0421875
3 0.51875 0.96484375 0.040625 0.065625
3 0.796875 0.71953125 0.0453125 0.034375