3 0.5546875 0.36640625 0.2859375 0.1265625
3 0.62421875 0.5359375 0.3078125 0.1171875
3 0.0671875 0.578125 0.134375 0.1875
3 0.13671875 0.69296875 0.2734375 0.1796875
3 0.346875 0.70078125 0.1 0.0984375
3 0.39921875 0.74765625 0.16875 0.0984375
3 0.4765625 0.88046875 0.1921875 0.2125
3 0.7015625 0.74375 0.2328125 0.13125
3 0.6984375 0.91484375 0.19375 0.1703125
3 0.3140625 0.59921875 0.0765625 0.090625
3 0.4203125 0.41328125 0.1 0.08125
3 0.4 0.465625 0.11875 0.084375
3 0.5515625 0.6234375 0.109375 0.0875
3 0.5984375 0.875 0.075 0.0625
3 0.6640625 0.82109375 0.0625 0.046875
3 0.51015625 0.7578125 0.04375 0.0375
3 0.56484375 0.72890625 0.053125 0.0375
3 0.55390625 0.6625 0.109375 0.0984375
3 0.4671875 0.64375 0.0421875 0.0375
3 0.415625 0.65390625 0.0515625 0.0328125
3 0.221875 0.509375 0.0890625 0.065625
3 0.2515625 0.51796875 0.134375 0.0625
3 0.22734375 0.43125 0.0609375 0.046875
3 0.3875 0.5375 0.04375 0.0328125
3 0.26640625 0.10703125 0.2078125 0.2140625
3 0.440625 0.18515625 0.1234375 0.06875
3 0.54375 0.0609375 0.090625 0.04375
3 0.4234375 0.0359375 0.09375 0.0421875
3 0.42578125 0.1125 0.1296875 0.040625
3 0.759375 0.08984375 0.1171875 0.1640625
3 0.8390625 0.053125 0.078125 0.10625
3 0.640625 0.11953125 0.125 0.071875
3 0.6890625 0.23203125 0.046875 0.04375
3 0.54375 0.115625 0.090625 0.053125
3 0.24609375 0.21484375 0.165625 0.125
3 0.07421875 0.1265625 0.0796875 0.0390625