3 0.33828125 0.6078125 0.2421875 0.1390625
8 0.675 0.5546875 0.246875 0.109375
8 0.709375 0.47578125 0.190625 0.153125
3 0.725 0.32578125 0.1765625 0.1421875
8 0.2015625 0.46953125 0.1765625 0.23125
3 0.2875 0.52265625 0.1796875 0.228125
3 0.52578125 0.34453125 0.06875 0.06875
3 0.66875 0.06640625 0.090625 0.1328125
3 0.534375 0.275 0.1 0.0453125
3 0.4890625 0.23671875 0.1015625 0.0421875
3 0.4578125 0.20234375 0.08125 0.053125
3 0.54375 0.17890625 0.075 0.0578125
3 0.5109375 0.13203125 0.1 0.0828125
3 0.67890625 0.146875 0.0796875 0.053125
3 0.46640625 0.075 0.096875 0.109375
3 0.303125 0.04609375 0.08125 0.0921875
3 0.31171875 0.1890625 0.1 0.0828125
3 0.39765625 0.175 0.059375 0.0296875
3 0.1109375 0.0859375 0.1828125 0.0921875
3 0.16484375 0.23984375 0.065625 0.08125
3 0.39140625 0.2453125 0.065625 0.028125
3 0.30390625 0.23359375 0.1046875 0.0546875
3 0.475 0.61953125 0.0796875 0.05625
3 0.90390625 0.24921875 0.1921875 0.1390625
3 0.925 0.34296875 0.1265625 0.1421875
3 0.5375 0.4453125 0.078125 0.05
8 0.43515625 0.48984375 0.0765625 0.0796875
3 0.3703125 0.51484375 0.13125 0.0609375
3 0.36953125 0.05234375 0.1125 0.1046875