8 0.3125 0.72890625 0.1875 0.1734375
8 0.2671875 0.59609375 0.2265625 0.1515625
8 0.50625 0.58828125 0.23125 0.1625
8 0.275 0.4328125 0.2171875 0.1625
8 0.2453125 0.30234375 0.1796875 0.1375
8 0.459375 0.51328125 0.1125 0.0875
8 0.6859375 0.3734375 0.2203125 0.2015625
8 0.68515625 0.465625 0.2578125 0.2125
8 0.40859375 0.27890625 0.0796875 0.06875
8 0.528125 0.278125 0.0875 0.08125
8 0.771875 0.05234375 0.14375 0.1046875
8 0.475 0.08984375 0.25 0.1796875
8 0.59140625 0.31328125 0.053125 0.05
8 0.48828125 0.37890625 0.109375 0.0859375
8 0.528125 0.37421875 0.09375 0.0609375
8 0.51875 0.4265625 0.0921875 0.084375
8 0.478125 0.35703125 0.046875 0.0390625
8 0.3734375 0.375 0.0984375 0.09375
8 0.4984375 0.5234375 0.121875 0.084375
8 0.26640625 0.49453125 0.1171875 0.0890625
8 0.37421875 0.515625 0.0703125 0.0734375
8 0.4 0.6640625 0.0796875 0.0703125
8 0.328125 0.63203125 0.0609375 0.0546875
8 0.34921875 0.50078125 0.0734375 0.090625
8 0.2375 0.2109375 0.1125 0.1125
8 0.17734375 0.1359375 0.13125 0.1015625
8 0.11640625 0.24140625 0.09375 0.096875
8 0.05 0.34921875 0.1 0.0953125
8 0.16875 0.3296875 0.0640625 0.0578125
8 0.44765625 0.2296875 0.065625 0.0484375