8 0.5859375 0.68046875 0.1796875 0.1734375
8 0.675 0.4390625 0.2578125 0.234375
8 0.33671875 0.50078125 0.2109375 0.2078125
8 0.18515625 0.609375 0.31875 0.3171875
8 0.65078125 0.11484375 0.2234375 0.1921875
3 0.66484375 0.225 0.228125 0.221875
8 0.13203125 0.4578125 0.2640625 0.3125
3 0.5234375 0.3609375 0.10625 0.109375
8 0.41953125 0.55078125 0.0828125 0.0765625
8 0.4859375 0.2421875 0.1203125 0.1171875
3 0.40859375 0.33984375 0.0859375 0.084375
3 0.56875 0.52109375 0.090625 0.084375
3 0.58828125 0.25625 0.0953125 0.0859375
3 0.45078125 0.38359375 0.1390625 0.1375
3 0.32109375 0.4171875 0.1421875 0.128125
8 0.27421875 0.36875 0.1125 0.096875
3 0.44765625 0.203125 0.0921875 0.0828125
3 0.034375 0.28203125 0.06875 0.0890625