8 0.6765625 0.7015625 0.1875 0.1890625
8 0.45859375 0.6984375 0.2203125 0.2
8 0.309375 0.66015625 0.26875 0.2421875
8 0.2140625 0.57578125 0.2578125 0.225
8 0.65078125 0.553125 0.1859375 0.1671875
8 0.628125 0.43046875 0.2265625 0.2015625
8 0.61953125 0.34765625 0.2015625 0.18125
8 0.453125 0.3 0.115625 0.103125
8 0.49921875 0.4515625 0.071875 0.075
8 0.396875 0.4828125 0.0875 0.090625
8 0.47265625 0.58046875 0.090625 0.090625
8 0.58046875 0.528125 0.0703125 0.0734375
8 0.5796875 0.6734375 0.084375 0.0796875
8 0.64453125 0.61875 0.065625 0.0609375
8 0.46875 0.428125 0.078125 0.0703125
8 0.396875 0.48125 0.0921875 0.09375
8 0.3625 0.3921875 0.0765625 0.078125
8 0.296875 0.396875 0.09375 0.0828125
8 0.5578125 0.640625 0.065625 0.0609375
8 0.41796875 0.23671875 0.1078125 0.109375
8 0.21875 0.27109375 0.178125 0.18125
8 0.58984375 0.06875 0.0890625 0.0875
8 0.684375 0.14609375 0.2296875 0.240625
8 0.375 0.0453125 0.14375 0.090625
8 0.5078125 0.0828125 0.0859375 0.078125
8 0.56796875 0.16875 0.075 0.075
8 0.47578125 0.14921875 0.0875 0.0796875
8 0.40234375 0.13359375 0.0875 0.0765625
8 0.39765625 0.16796875 0.121875 0.1046875
8 0.296875 0.28515625 0.0796875 0.0765625
8 0.12265625 0.171875 0.09375 0.0765625
8 0.03125 0.38203125 0.0625 0.0734375
8 0.171875 0.1703125 0.065625 0.059375
8 0.10390625 0.2234375 0.0515625 0.0484375