8 0.684375 0.59765625 0.2046875 0.196875
3 0.83671875 0.61875 0.1796875 0.175
3 0.67578125 0.328125 0.1046875 0.1015625
3 0.675 0.48125 0.11875 0.11875
3 0.5265625 0.24609375 0.16875 0.16875
3 0.5953125 0.3 0.0984375 0.0984375
3 0.5125 0.38828125 0.13125 0.128125
8 0.9328125 0.56171875 0.1171875 0.115625
3 0.87109375 0.453125 0.2546875 0.2578125
8 0.96953125 0.60859375 0.0609375 0.1578125
3 0.884375 0.31953125 0.1125 0.109375
3 0.97421875 0.315625 0.0515625 0.096875
3 0.8078125 0.3546875 0.0609375 0.059375
3 0.63984375 0.18046875 0.0921875 0.0875
3 0.6765625 0.24765625 0.096875 0.096875
3 0.7125 0.25 0.0421875 0.040625
3 0.64453125 0.11328125 0.0953125 0.0890625
3 0.81953125 0.26796875 0.084375 0.08125
3 0.63984375 0.03359375 0.1140625 0.0671875
3 0.50859375 0.03125 0.0953125 0.0625
3 0.5234375 0.09453125 0.0796875 0.0765625
3 0.4046875 0.03125 0.078125 0.0625
3 0.4484375 0.13671875 0.0546875 0.0515625
3 0.47265625 0.11015625 0.0421875 0.040625
3 0.36015625 0.034375 0.1203125 0.06875
3 0.52578125 0.68046875 0.084375 0.0828125
8 0.33359375 0.15234375 0.0453125 0.0453125