9 0.2578125 0.821875 0.04375 0.040625
9 0.134375 0.9796875 0.0375 0.040625
9 0.13125 0.946875 0.0375 0.05
9 0.1875 0.9171875 0.040625 0.0734375
9 0.30703125 0.953125 0.053125 0.046875
9 0.3125 0.734375 0.0390625 0.0734375
9 0.34765625 0.71484375 0.046875 0.065625
9 0.38828125 0.72265625 0.0640625 0.0515625
9 0.375 0.971875 0.0625 0.05625
9 0.20234375 0.80859375 0.034375 0.0296875
9 0.1140625 0.73515625 0.1 0.121875
9 0.2484375 0.7296875 0.0296875 0.034375
9 0.16328125 0.97265625 0.0453125 0.0546875
9 0.4390625 0.83359375 0.053125 0.0828125
9 0.396875 0.765625 0.0578125 0.084375
9 0.34921875 0.8046875 0.053125 0.053125
9 0.35 0.8890625 0.0703125 0.0640625
9 0.2171875 0.85703125 0.0375 0.065625
9 0.82421875 0.83984375 0.20625 0.1828125
9 0.77109375 0.690625 0.2578125 0.190625
9 0.021875 0.3046875 0.04375 0.05625
9 0.18671875 0.4671875 0.078125 0.096875
9 0.159375 0.26953125 0.040625 0.040625
9 0.23828125 0.30234375 0.0453125 0.0484375
9 0.3015625 0.1828125 0.0765625 0.0859375
9 0.025 0.4171875 0.05 0.10625
9 0.25859375 0.2609375 0.053125 0.046875
9 0.315625 0.3296875 0.075 0.06875
9 0.26640625 0.41953125 0.0546875 0.084375
9 0.2375 0.346875 0.04375 0.046875
9 0.19921875 0.26796875 0.04375 0.0359375
9 0.10703125 0.38828125 0.06875 0.0859375
9 0.03515625 0.253125 0.0703125 0.109375
9 0.103125 0.24140625 0.065625 0.0921875
9 0.3578125 0.42265625 0.078125 0.08125
9 0.15703125 0.85 0.0859375 0.06875
9 0.1421875 0.4890625 0.0703125 0.0890625