9 0.81328125 0.246875 0.040625 0.0390625
9 0.97421875 0.11171875 0.0328125 0.0609375
9 0.96640625 0.15546875 0.034375 0.0484375
9 0.9046875 0.17109375 0.0359375 0.071875
9 0.796875 0.10703125 0.0515625 0.0453125
9 0.73828125 0.31796875 0.034375 0.071875
9 0.7 0.328125 0.04375 0.0640625
9 0.6625 0.3109375 0.0609375 0.0484375
9 0.73515625 0.06875 0.059375 0.0578125
9 0.86328125 0.271875 0.0328125 0.028125
9 0.93125 0.36484375 0.09375 0.115625
9 0.8 0.33828125 0.028125 0.0328125
9 0.9421875 0.11640625 0.040625 0.065625
9 0.63984375 0.190625 0.0484375 0.0796875
9 0.66484375 0.2671875 0.053125 0.08125
9 0.7203125 0.240625 0.05 0.05
9 0.73984375 0.15859375 0.0671875 0.059375
9 0.8609375 0.221875 0.0328125 0.0640625
9 0.2671875 0.09140625 0.196875 0.171875
9 0.2828125 0.25 0.2484375 0.1765625
9 0.92265625 0.80703125 0.053125 0.053125
9 0.79609375 0.6078125 0.071875 0.0921875
9 0.77421875 0.80625 0.0390625 0.0375
9 0.70625 0.7546875 0.0421875 0.046875
9 0.615625 0.85625 0.071875 0.08125
9 0.940625 0.6953125 0.0453125 0.1046875
9 0.67578125 0.790625 0.0515625 0.0453125
9 0.6375 0.709375 0.071875 0.0640625
9 0.70703125 0.634375 0.05 0.08125
9 0.7171875 0.71171875 0.0421875 0.04375
9 0.7359375 0.7984375 0.0421875 0.0328125
9 0.85390625 0.703125 0.0640625 0.0828125
9 0.896875 0.853125 0.0765625 0.10625
9 0.82265625 0.846875 0.0609375 0.0890625
9 0.61875 0.609375 0.0734375 0.078125
9 0.91796875 0.24296875 0.0828125 0.0640625
9 0.84453125 0.596875 0.0640625 0.0859375