9 0.64453125 0.12421875 0.05 0.0484375
9 0.6859375 0.025 0.05625 0.05
9 0.56015625 0.01953125 0.0609375 0.0390625
9 0.615625 0.22265625 0.0546875 0.075
9 0.5875 0.2515625 0.0609375 0.071875
9 0.54609375 0.25546875 0.0703125 0.0640625
9 0.4875 0.021875 0.071875 0.04375
9 0.70078125 0.12109375 0.0390625 0.0359375
9 0.80625 0.16796875 0.1234375 0.134375
9 0.678125 0.21015625 0.0359375 0.0390625
9 0.46640625 0.1625 0.0703125 0.0875
9 0.5265625 0.21640625 0.075 0.090625
9 0.5609375 0.165625 0.0609375 0.0625
9 0.5375 0.084375 0.0796875 0.0765625
9 0.6734375 0.07890625 0.0515625 0.06875
9 0.10546875 0.2625 0.2109375 0.21875
9 0.18671875 0.3921875 0.2796875 0.240625
9 0.99296875 0.55390625 0.0140625 0.0640625
9 0.81015625 0.44453125 0.0953125 0.10625
9 0.890625 0.628125 0.046875 0.046875
9 0.80546875 0.61796875 0.053125 0.0546875
9 0.778125 0.75078125 0.090625 0.096875
9 0.9703125 0.44765625 0.059375 0.1078125
9 0.79765625 0.6640625 0.0609375 0.05625
9 0.72421875 0.6125 0.084375 0.08125
9 0.74609375 0.5125 0.071875 0.0890625
9 0.79453125 0.575 0.0515625 0.053125
9 0.853125 0.640625 0.0484375 0.04375
9 0.90859375 0.49921875 0.0859375 0.0953125
9 0.984375 0.6078125 0.03125 0.11875
9 0.95234375 0.6390625 0.084375 0.0984375
9 0.6578125 0.53515625 0.0921875 0.09375
9 0.73359375 0.06875 0.0953125 0.084375
9 0.846875 0.41171875 0.0859375 0.096875