4 0.40625 0.53359375 0.1890625 0.2828125
4 0.26328125 0.66953125 0.2140625 0.1921875
4 0.7328125 0.49296875 0.24375 0.3625
4 0.6015625 0.5953125 0.1796875 0.275
4 0.61484375 0.3140625 0.2078125 0.2828125
4 0.59453125 0.13359375 0.159375 0.14375
4 0.51875 0.45859375 0.2046875 0.2765625
3 0.490625 0.77109375 0.2625 0.2359375
4 0.08984375 0.5640625 0.1796875 0.4625
4 0.2421875 0.32109375 0.2078125 0.1890625
4 0.28828125 0.51484375 0.2703125 0.309375
3 0.69296875 0.8984375 0.2046875 0.203125
3 0.76796875 0.11484375 0.1578125 0.125