4 0.5453125 0.41171875 0.2078125 0.284375
4 0.5578125 0.2140625 0.2203125 0.2015625
4 0.334375 0.6640625 0.2671875 0.3625
4 0.36015625 0.5 0.1984375 0.275
4 0.54296875 0.7140625 0.2234375 0.284375
4 0.68046875 0.8328125 0.1640625 0.1515625
4 0.51484375 0.54296875 0.221875 0.2796875
3 0.321875 0.2953125 0.2703125 0.2484375
4 0.796875 0.1828125 0.321875 0.365625
4 0.8109375 0.4546875 0.2140625 0.1984375
4 0.64453125 0.34453125 0.2859375 0.3171875
3 0.08515625 0.309375 0.1703125 0.2875
3 0.56640625 0.94921875 0.1609375 0.1015625