4 0.409375 0.459375 0.1734375 0.28125
4 0.27578125 0.3140625 0.209375 0.1828125
4 0.73203125 0.5234375 0.225 0.359375
4 0.60859375 0.41171875 0.165625 0.2734375
4 0.6015625 0.69375 0.19375 0.278125
4 0.56875 0.871875 0.1546875 0.1375
4 0.515625 0.54296875 0.1921875 0.2734375
3 0.51015625 0.22890625 0.2546875 0.225
4 0.0859375 0.403125 0.171875 0.459375
4 0.2296875 0.66015625 0.203125 0.18125
4 0.28984375 0.4703125 0.2578125 0.3015625
3 0.721875 0.1078125 0.190625 0.215625
3 0.740625 0.903125 0.1546875 0.1171875