8 0.5109375 0.171875 0.19375 0.328125
8 0.38984375 0.45390625 0.275 0.19375
8 0.3296875 0.28203125 0.296875 0.246875
8 0.84609375 0.7078125 0.096875 0.1828125
8 0.90859375 0.5046875 0.1375 0.18125
8 0.72109375 0.34765625 0.253125 0.20625
8 0.59296875 0.51484375 0.1953125 0.1828125
8 0.83359375 0.0734375 0.2453125 0.146875
3 0.13046875 0.6328125 0.2609375 0.378125
3 0.30859375 0.6171875 0.1546875 0.275
3 0.4953125 0.93046875 0.1625 0.1390625
3 0.3625 0.90859375 0.134375 0.1828125
3 0.24140625 0.9390625 0.1671875 0.121875
3 0.790625 0.8546875 0.1484375 0.2671875
3 0.56171875 0.690625 0.25 0.2078125