5 0.84375 0.5640625 0.140625 0.228125
5 0.7984375 0.5171875 0.0796875 0.209375
5 0.33828125 0.64609375 0.090625 0.2453125
5 0.18984375 0.5 0.1625 0.1671875
5 0.16015625 0.37578125 0.115625 0.1375
5 0.2390625 0.3703125 0.115625 0.115625
5 0.296875 0.44375 0.071875 0.1296875
5 0.6953125 0.6171875 0.0765625 0.046875
5 0.59453125 0.621875 0.071875 0.071875
5 0.58359375 0.55234375 0.03125 0.084375
5 0.63203125 0.509375 0.0765625 0.0546875
5 0.6796875 0.34140625 0.0625 0.140625
5 0.73671875 0.403125 0.121875 0.2671875
5 0.621875 0.41328125 0.0953125 0.121875
5 0.4890625 0.55234375 0.146875 0.1171875
5 0.4078125 0.51171875 0.0765625 0.13125