8 0.653125 0.7640625 0.33125 0.2671875
8 0.17578125 0.5359375 0.29375 0.171875
8 0.27734375 0.265625 0.5546875 0.53125
8 0.76875 0.25546875 0.175 0.1953125
8 0.54140625 0.496875 0.25 0.221875
8 0.8875 0.49609375 0.225 0.159375
8 0.61015625 0.36328125 0.171875 0.1265625
8 0.59609375 0.23359375 0.25 0.09375
8 0.9421875 0.19375 0.115625 0.1375
8 0.8734375 0.371875 0.253125 0.13125
8 0.16484375 0.69765625 0.284375 0.1578125
8 0.13203125 0.86171875 0.2640625 0.2609375
8 0.43515625 0.86640625 0.4703125 0.265625
8 0.85078125 0.69375 0.121875 0.140625
8 0.92890625 0.9375 0.1421875 0.125