5 0.125 0.57265625 0.128125 0.234375
5 0.18046875 0.5359375 0.06875 0.1875
5 0.634375 0.66015625 0.0890625 0.24375
5 0.7796875 0.5140625 0.1859375 0.171875
5 0.83203125 0.37890625 0.1140625 0.1125
5 0.7484375 0.384375 0.109375 0.1140625
5 0.69140625 0.4625 0.0609375 0.121875
5 0.27421875 0.628125 0.0796875 0.0453125
5 0.37890625 0.63125 0.071875 0.0734375
5 0.39453125 0.5625 0.0296875 0.084375
5 0.3484375 0.52578125 0.0765625 0.04375
5 0.31171875 0.3515625 0.0625 0.140625
5 0.25234375 0.4125 0.121875 0.2671875
5 0.365625 0.4234375 0.096875 0.125
5 0.4609375 0.5578125 0.09375 0.0984375
5 0.5734375 0.5234375 0.078125 0.1328125