5 0.8515625 0.35078125 0.1578125 0.246875
5 0.8046875 0.3984375 0.09375 0.19375
5 0.33515625 0.37109375 0.121875 0.2515625
5 0.2234375 0.54375 0.20625 0.19375
5 0.20078125 0.6875 0.128125 0.1265625
5 0.28046875 0.66484375 0.1234375 0.1265625
5 0.32109375 0.5765625 0.0765625 0.128125
5 0.69375 0.328125 0.084375 0.0546875
5 0.59140625 0.346875 0.0796875 0.08125
5 0.58984375 0.41640625 0.0421875 0.0875
5 0.64296875 0.44296875 0.08125 0.053125
5 0.71484375 0.60546875 0.0796875 0.146875
5 0.7609375 0.534375 0.15625 0.2796875
5 0.646875 0.546875 0.1125 0.1359375
5 0.52578125 0.43515625 0.10625 0.109375
5 0.4234375 0.4921875 0.0953125 0.140625