8 0.56875 0.17890625 0.2625 0.3578125
8 0.61796875 0.48203125 0.30625 0.25
8 0.71796875 0.3296875 0.3390625 0.3046875
8 0.1140625 0.61796875 0.1359375 0.196875
8 0.10234375 0.40546875 0.175 0.2046875
8 0.321875 0.2984375 0.2890625 0.25625
8 0.40625 0.49140625 0.228125 0.21875
8 0.28203125 0.05234375 0.2734375 0.1046875
3 0.82734375 0.71953125 0.3421875 0.421875
3 0.6578125 0.66015625 0.2140625 0.296875
3 0.39921875 0.91640625 0.1890625 0.1671875
3 0.53125 0.91328125 0.175 0.1734375
3 0.64140625 0.95546875 0.1921875 0.0890625
3 0.13203125 0.77421875 0.2046875 0.2890625
3 0.39375 0.6703125 0.2859375 0.2578125