5 0.89140625 0.609375 0.1421875 0.2421875
5 0.84140625 0.55703125 0.078125 0.2203125
5 0.3609375 0.66875 0.0890625 0.259375
5 0.196875 0.50546875 0.1671875 0.178125
5 0.15859375 0.37265625 0.11875 0.1453125
5 0.2421875 0.37109375 0.1171875 0.1234375
5 0.3078125 0.4515625 0.0734375 0.1359375
5 0.73671875 0.65703125 0.0796875 0.05
5 0.63125 0.65625 0.075 0.075
5 0.615625 0.5828125 0.03125 0.090625
5 0.66484375 0.53984375 0.0796875 0.0578125
5 0.70703125 0.365625 0.0625 0.1484375
5 0.76953125 0.4328125 0.1234375 0.2828125
5 0.64921875 0.4375 0.096875 0.1296875
5 0.51484375 0.57734375 0.1515625 0.1234375
5 0.42734375 0.53046875 0.078125 0.1390625