8 0.2974917125 0.37781955 0.2869914328125 0.43796992343749996 0.2880414609375 0.5338345875 0.31429215781250003 0.5338345875 0.30484190624999996 0.6052631578125001 0.305882353125 0.7236842109375 0.32269238125 0.70676691875 0.321642353125 0.791353384375 0.3321426328125 0.832706765625 0.346843021875 0.8853383453125 0.3544117640625 0.8473684203125 0.382352940625 0.768421053125 0.3897058828125 0.6947368421875 0.3898941671875 0.5977443609375 0.38258555156249996 0.42857142968749995 0.3772938328125 0.3402255625 0.44449561718749997 0.3928571421875 0.4852941171875 0.389473684375 0.5029411765625 0.3421052625 0.4955882359375 0.2921052625 0.46176470625 0.25 0.44558823593749997 0.20789473749999998 0.417647059375 0.189473684375 0.39117647031249997 0.189473684375 0.3709936640625 0.24436090312499997 0.3573433015625 0.3421052625 0.332352940625 0.3052631578125 0.29434162812500003 0.1954887203125 0.25024045625 0.2725563921875 0.21033939375 0.3872180453125 0.2974917125 0.37781955
8 0.217647059375 0.6631578953124999 0.22352941249999997 0.6973684203125 0.23382352968750003 0.7026315796875 0.242647059375 0.6973684203125 0.2514705875 0.6421052625 0.2602941171875 0.560526315625 0.2588235296875 0.4921052625 0.242647059375 0.418421053125 0.21176470625000002 0.410526315625 0.1764705875 0.418421053125 0.169117646875 0.43421052656250003 0.169117646875 0.460526315625 0.18823529375 0.5657894734375 0.1970588234375 0.57894736875 0.20588235312499997 0.6421052625 0.217647059375 0.6631578953124999
8 0.014705882812500001 0.9815789468749999 0.0235294125 0.9921052625 0.041176470312500005 1 0.0706240984375 0.9097744375 0.1000248796875 0.8157894734375001 0.0989748515625 0.7725563921874999 0.1220588234375 0.731578946875 0.1338235296875 0.6789473687500001 0.132352940625 0.5736842109375 0.119117646875 0.5315789468750001 0.10294117656249999 0.52894736875 0.067647059375 0.5552631578125 0.042647059375000004 0.5947368421875 0.027941176562499996 0.6342105265625 0.025 0.681578946875 0.0338235296875 0.731578946875 0.005882353125 0.8815789468749999 0.014705882812500001 0.9815789468749999
8 0.53592610625 0.5977443609375 0.5579766921875 0.5958646609375 0.5485294125 0.689473684375 0.5590267203125 0.6842105265625 0.5674269421875 0.7349624046875001 0.5794117640625001 0.7921052625 0.5897058828125 0.8 0.6157282265624999 0.7312030078125 0.62622850625 0.6372180453125 0.6367647062499999 0.5947368421875 0.6461790374999999 0.54323308125 0.6377788125 0.5131578953125 0.6544117640625 0.4921052625 0.6161764703125 0.42894736875 0.5779411765625 0.43947368437499995 0.5529411765625001 0.41578947343749995 0.515975575 0.4304511296875 0.4939249890625 0.47744360781250006 0.5161764703125 0.481578946875 0.5485294125 0.5052631578125 0.5470588234375 0.5342105265625 0.53676470625 0.560526315625 0.53592610625 0.5977443609375
8 0.71323529375 0.2921052625 0.7044117640625001 0.3368421046875 0.71323529375 0.35263157968750003 0.719117646875 0.3947368421875 0.7308823531249999 0.39736842031249997 0.7669824546874999 0.3214285703125 0.7837829015625 0.3515037609375 0.7827328734375001 0.29511278124999996 0.8100335984375 0.3195488703125 0.832352940625 0.3131578953125 0.83676470625 0.2868421046875 0.8362842968749999 0.25187970000000004 0.8352941171875001 0.189473684375 0.8058823531250001 0.118421053125 0.7953332093750001 0.0620300765625 0.7827328734375001 0.0676691734375 0.7344315890625001 0.08646616562500001 0.7 0.168421053125 0.7102941171875 0.181578946875 0.7088235296875001 0.2026315796875 0.680882353125 0.24210526250000003 0.6794117640625 0.25789473749999997 0.692647059375 0.2842105265625 0.71323529375 0.2921052625
8 0.5235294125000001 0.6868421046875001 0.5014705875 0.72105263125 0.5102941171875 0.8236842109375001 0.538094021875 0.8533834578124999 0.5496443296875 0.8139097734374999 0.55909458125 0.757518796875 0.558044553125 0.70300751875 0.5235294125000001 0.6868421046875001
8 0.682352940625 0.9736842109375001 0.6985294125 0.9657894734375001 0.7279411765625 0.9789473687499999 0.7705882359375 0.9789473687499999 0.8044117640625 0.9657894734375001 0.756499828125 0.8665413531249999 0.7239489625 0.8026315796875 0.6871979859375 0.7744360890624999 0.647296925 0.789473684375 0.6338235296875 0.8236842109375001 0.6397058828125 0.8447368421875 0.6397058828125 0.9 0.6470588234375 0.931578946875 0.675 0.9552631578125 0.682352940625 0.9736842109375001
8 0.4764705875 1 0.505882353125 0.9552631578125 0.5013430453125001 0.8947368421874999 0.5170934640625 0.8872180453125 0.5044931296875 0.8571428578125 0.505882353125 0.8078947375000001 0.5029411765625 0.7368421046875 0.4955882359375 0.7078947375 0.4661764703125 0.6973684203125 0.43676470624999997 0.731578946875 0.4044117640625 0.8131578953125 0.41323529375 0.85 0.39852941249999996 0.8947368421874999 0.39852941249999996 0.9105263156250001 0.40735294062499994 0.92105263125 0.4 1 0.4764705875 1
8 0.5264705875 0.6342105265625 0.530882353125 0.5868421046875001 0.5220588234375 0.55 0.49411764687500004 0.48684210468750005 0.4955882359375 0.4421052625 0.48676470624999996 0.4026315796875 0.3700342484375 0.3571428578125 0.3852941171875 0.41578947343749995 0.39117647031249997 0.518421053125 0.43729134375 0.6090225546875 0.4309911765625 0.6522556390625 0.5096879609375 0.6973684203125 0.5138880718750001 0.6447368421874999 0.5264705875 0.6342105265625
8 0.1779411765625 0.5078947375 0.1720588234375 0.42894736875 0.1779411765625 0.3947368421875 0.1911764703125 0.37105263125 0.1970588234375 0.26578947343750003 0.18823529375 0.25526315781250003 0.1693533953125 0.2725563921875 0.1546530046875 0.246240603125 0.13823529375000002 0.239473684375 0.11160186093749999 0.246240603125 0.1264705875 0.2736842109375 0.15675306093750002 0.2744360890625 0.119117646875 0.318421053125 0.11323529375000001 0.3842105265625 0.144117646875 0.4842105265625 0.1779411765625 0.5078947375
8 0.1014705875 0.45526315781250004 0.05588235312499999 0.45 0.019117646874999998 0.4657894734375 0.0029411765625 0.5078947375 0.0014705875 0.5368421046875 0.013235293749999998 0.5921052625 0.032352940625 0.6078947375 0.10739547187500001 0.5018797 0.1014705875 0.45526315781250004
8 0.54840719375 1 0.5736078625000001 0.95676691875 0.58823529375 0.9052631578125 0.56176470625 0.8710526312500001 0.557352940625 0.8315789468749999 0.55 0.8315789468749999 0.5411764703124999 0.8421052625 0.5338235296875 0.8763157890625 0.4955882359375 0.8973684203125 0.5 0.92105263125 0.49705882343749996 0.9631578953125001 0.480882353125 1 0.54840719375 1
8 0.30441176406250003 0.2131578953125 0.31176470625 0.189473684375 0.3 0.0868421046875 0.28823529375 0.06052631562500001 0.275 0.0552631578125 0.23529411718749998 0.118421053125 0.230882353125 0.1657894734375 0.2 0.210526315625 0.20588235312499997 0.2526315796875 0.23823529375 0.2842105265625 0.2701497984375 0.23120300781249997 0.30441176406250003 0.2131578953125
8 0.8235294124999999 0.939473684375 0.8205530984375 0.915413534375 0.8111028484375 0.8665413531249999 0.7995525406249999 0.8176691734375 0.760701509375 0.744360903125 0.8079527640625 0.7763157890625 0.8426470593750001 0.7578947375 0.8411764703125 0.7394736843749999 0.7735294125000001 0.6263157890625 0.7411764703125 0.6078947375 0.7264705874999999 0.6157894734375 0.7088235296875001 0.6447368421874999 0.71176470625 0.768421053125 0.719117646875 0.789473684375 0.7985025125 0.9417293234375 0.8147058828124999 0.9552631578125 0.8235294124999999 0.939473684375
8 0.7071500859375 0.5545112796875 0.7239505312500001 0.49812029999999996 0.7264705874999999 0.4526315796875 0.7044117640625001 0.4473684203125 0.669117646875 0.4657894734375 0.6529411765625001 0.5052631578125 0.6485294125000001 0.518421053125 0.6529411765625001 0.539473684375 0.652548634375 0.5714285703125 0.673549190625 0.588345865625 0.7071500859375 0.5545112796875
8 0.6455882359375 0.5921052625 0.6352941171875 0.6578947375 0.625 0.681578946875 0.630882353125 0.7578947375 0.6485294125000001 0.7605263156250001 0.6808166203125 0.6879699234375 0.6818666484375 0.618421053125 0.6455882359375 0.5921052625
8 0.57734375 0.11015625 0.0921875 0.2203125
8 0.67734375 0.09375 0.10625 0.1875