5 0.83828125 0.40703125 0.1515625 0.240625
5 0.7859375 0.4578125 0.0875 0.21875
5 0.3125 0.34140625 0.1 0.25625
5 0.14375 0.5015625 0.1734375 0.175
5 0.1 0.634375 0.1234375 0.14375
5 0.18359375 0.6359375 0.121875 0.1203125
5 0.25078125 0.55703125 0.078125 0.134375
5 0.6859375 0.3578125 0.08125 0.0484375
5 0.58046875 0.35703125 0.0765625 0.075
5 0.5625 0.43046875 0.034375 0.0890625
5 0.609375 0.47421875 0.08125 0.05625
5 0.64453125 0.64765625 0.06875 0.146875
5 0.71015625 0.58046875 0.1328125 0.2796875
5 0.590625 0.575 0.103125 0.128125
5 0.4625 0.434375 0.1546875 0.121875
5 0.3734375 0.48046875 0.0828125 0.1375