9 0.07265625 0.26015625 0.1328125 0.140625
9 0.76015625 0.909375 0.0953125 0.115625
9 0.87421875 0.6 0.128125 0.0859375
9 0.32890625 0.7546875 0.128125 0.159375
9 0.7015625 0.8078125 0.1421875 0.1234375
9 0.78984375 0.4453125 0.1125 0.178125
9 0.521875 0.6421875 0.0953125 0.1125
9 0.40859375 0.553125 0.10625 0.11875
9 0.40859375 0.859375 0.071875 0.2
9 0.65 0.665625 0.115625 0.1859375
9 0.68828125 0.2828125 0.0625 0.2234375
9 0.60546875 0.56953125 0.0890625 0.1
9 0.4984375 0.4140625 0.09375 0.165625