9 0.07890625 0.7453125 0.1109375 0.1390625
9 0.74453125 0.059375 0.0921875 0.11875
9 0.85859375 0.3625 0.1265625 0.08125
9 0.31953125 0.240625 0.1265625 0.1546875
9 0.68828125 0.1671875 0.140625 0.11875
9 0.775 0.521875 0.1109375 0.175
9 0.5109375 0.3421875 0.09375 0.1109375
9 0.3984375 0.4359375 0.1046875 0.115625
9 0.39765625 0.13203125 0.0703125 0.196875
9 0.6375 0.3109375 0.115625 0.1828125
9 0.675 0.68828125 0.0609375 0.2203125
9 0.59375 0.40859375 0.0890625 0.096875
9 0.48671875 0.56953125 0.09375 0.1609375