6 0.95 0.5390625 0.1 0.16875
6 0.08671875 0.69453125 0.13125 0.1390625
6 0.1671875 0.4046875 0.1359375 0.1234375
6 0.51171875 0.78515625 0.1734375 0.1796875
6 0.18984375 0.6421875 0.165625 0.1609375
6 0.31796875 0.32890625 0.1734375 0.1890625
6 0.42109375 0.60625 0.1265625 0.13125
6 0.55859375 0.59453125 0.1375 0.140625
6 0.3921875 0.82578125 0.15 0.184375
6 0.30625 0.56171875 0.1765625 0.1953125
6 0.48515625 0.2578125 0.1546875 0.1953125
6 0.3953125 0.5125 0.115625 0.1171875
6 0.56328125 0.44765625 0.1515625 0.1703125