9 0.0671875 0.265625 0.121875 0.1359375
9 0.75703125 0.940625 0.0875 0.1171875
9 0.846875 0.65078125 0.1203125 0.08125
9 0.3375 0.75625 0.1203125 0.1515625
9 0.6953125 0.83515625 0.134375 0.1171875
9 0.75703125 0.496875 0.10625 0.1703125
9 0.51484375 0.6640625 0.0890625 0.1078125
9 0.4015625 0.5703125 0.1 0.1125
9 0.41953125 0.86328125 0.0671875 0.190625
9 0.63828125 0.69609375 0.109375 0.178125
9 0.65078125 0.33359375 0.0578125 0.2125
9 0.58984375 0.6015625 0.084375 0.0953125
9 0.478125 0.44453125 0.0890625 0.15625