6 0.0484375 0.45390625 0.096875 0.1609375
6 0.87265625 0.76328125 0.121875 0.1359375
6 0.84453125 0.4640625 0.134375 0.1125
6 0.43828125 0.77890625 0.1609375 0.175
6 0.78046875 0.69375 0.1609375 0.15
6 0.709375 0.36328125 0.15625 0.1875
6 0.559375 0.61796875 0.11875 0.128125
6 0.42578125 0.5828125 0.128125 0.1359375
6 0.54921875 0.83984375 0.1265625 0.190625
6 0.6796875 0.59453125 0.159375 0.19375
6 0.55625 0.26328125 0.128125 0.20625
6 0.60078125 0.53046875 0.109375 0.1125
6 0.446875 0.4375 0.1359375 0.1703125