6 0.9515625 0.4625 0.096875 0.1625
6 0.12265625 0.75703125 0.121875 0.1359375
6 0.15625 0.4578125 0.134375 0.1140625
6 0.55625 0.7796875 0.1625 0.175
6 0.21640625 0.6890625 0.1609375 0.1515625
6 0.29296875 0.359375 0.1578125 0.1890625
6 0.43828125 0.6171875 0.11875 0.128125
6 0.57265625 0.584375 0.1296875 0.1359375
6 0.44453125 0.8390625 0.1296875 0.190625
6 0.31875 0.59140625 0.1625 0.19375
6 0.44765625 0.2625 0.1296875 0.2046875
6 0.3984375 0.52890625 0.109375 0.1125
6 0.5546875 0.43828125 0.1375 0.1703125