0 0.52578125 0.740625 0.31875 0.3296875
0 0.503125 0.4046875 0.21875 0.3921875
0 0.24609375 0.33984375 0.228125 0.26875
0 0.7703125 0.1671875 0.36875 0.334375
0 0.85 0.35390625 0.2953125 0.25625
0 0.75234375 0.61640625 0.1984375 0.3015625
0 0.8828125 0.58671875 0.234375 0.4765625
0 0.45546875 0.18125 0.3140625 0.3625
0 0.21171875 0.5578125 0.2125 0.2078125
0 0.14921875 0.8859375 0.2421875 0.228125
0 0.4125 0.92109375 0.3375 0.1578125
0 0.090625 0.26015625 0.18125 0.4515625
0 0.12734375 0.6609375 0.1421875 0.1453125