0 0.54296875 0.73828125 0.3375 0.346875
0 0.496875 0.4046875 0.24375 0.4
0 0.23515625 0.3578125 0.24375 0.2796875
0 0.74765625 0.16328125 0.3859375 0.3265625
0 0.8390625 0.3296875 0.309375 0.2734375
0 0.76015625 0.5984375 0.2171875 0.3109375
0 0.878125 0.5578125 0.24375 0.4875
0 0.4328125 0.1875 0.334375 0.375
0 0.21640625 0.578125 0.2234375 0.21875
0 0.17890625 0.89453125 0.2578125 0.2109375
0 0.4421875 0.91796875 0.34375 0.1640625
0 0.08984375 0.29140625 0.1796875 0.4609375
0 0.1390625 0.68671875 0.15 0.153125