0 0.334375 0.3234375 0.4171875 0.4171875
0 0.5546875 0.578125 0.3890625 0.3984375
0 0.79921875 0.475 0.31875 0.3203125
0 0.48359375 0.8515625 0.4546875 0.296875
0 0.3078125 0.825 0.35625 0.35
0 0.228125 0.559375 0.31875 0.325
0 0.18203125 0.671875 0.3640625 0.484375
0 0.73046875 0.73203125 0.440625 0.44375
0 0.6953125 0.28046875 0.2703125 0.2703125
0 0.5328125 0.0640625 0.334375 0.128125
0 0.3078125 0.1328125 0.340625 0.265625
0 0.88671875 0.42890625 0.2265625 0.4453125
0 0.70078125 0.146875 0.184375 0.184375