1 0.44765625 0.88203125 0.2046875 0.2359375
1 0.69296875 0.871875 0.1671875 0.2015625
1 0.81328125 0.4453125 0.1484375 0.2390625
1 0.84765625 0.70390625 0.3046875 0.4390625
1 0.54609375 0.36953125 0.1828125 0.2390625
1 0.44921875 0.49921875 0.284375 0.40625
1 0.3453125 0.22578125 0.203125 0.23125
1 0.46484375 0.2859375 0.1171875 0.1890625
1 0.2453125 0.49296875 0.178125 0.1984375
1 0.8796875 0.44921875 0.1296875 0.2265625
1 0.66640625 0.1390625 0.1171875 0.2484375
1 0.15625 0.234375 0.2546875 0.315625