9 0.19375 0.9109375 0.19375 0.178125
9 0.48671875 0.23359375 0.2 0.2625
9 0.65 0.64453125 0.1046875 0.14375
9 0.92578125 0.6109375 0.1484375 0.2
9 0.74375 0.39921875 0.184375 0.1859375
9 0.41328125 0.58046875 0.146875 0.240625
9 0.29921875 0.5484375 0.2125 0.2609375
9 0.39140625 0.44296875 0.19375 0.23125
9 0.3734375 0.30625 0.1890625 0.2453125
9 0.353125 0.690625 0.1640625 0.171875
9 0.4265625 0.7640625 0.175 0.171875
9 0.5125 0.80234375 0.1171875 0.1703125
9 0.68515625 0.321875 0.215625 0.3015625
9 0.6453125 0.44609375 0.0953125 0.1546875
9 0.82421875 0.82265625 0.1453125 0.1984375
9 0.86796875 0.72421875 0.171875 0.1828125
9 0.81015625 0.65390625 0.15625 0.203125
9 0.52421875 0.5203125 0.1015625 0.121875
9 0.37734375 0.21015625 0.1609375 0.2734375
9 0.59609375 0.64140625 0.10625 0.109375
9 0.75703125 0.85546875 0.1140625 0.1734375