9 0.94765625 0.734375 0.1046875 0.21875
9 0.38203125 0.26015625 0.1703125 0.2515625
9 0.4390625 0.6984375 0.0875 0.1390625
9 0.15234375 0.81953125 0.1984375 0.178125
9 0.23828125 0.53046875 0.16875 0.1703125
9 0.6140625 0.528125 0.1140625 0.2390625
9 0.69921875 0.4453125 0.184375 0.246875
9 0.56796875 0.39765625 0.16875 0.21875
9 0.51640625 0.26953125 0.1609375 0.234375
9 0.72109375 0.59609375 0.146875 0.159375
9 0.6921875 0.6953125 0.159375 0.15625
9 0.6359375 0.7703125 0.096875 0.165625
9 0.2515625 0.43359375 0.1796875 0.2921875
9 0.346875 0.52265625 0.075 0.1515625
9 0.371875 0.921875 0.121875 0.15625
9 0.28671875 0.875 0.1546875 0.1703125
9 0.303125 0.784375 0.134375 0.19375
9 0.48828125 0.5296875 0.0890625 0.1140625
9 0.4671875 0.18671875 0.125 0.2703125
9 0.48515625 0.6703125 0.0953125 0.1
9 0.44765625 0.925 0.0921875 0.15