9 0.76484375 0.92265625 0.2046875 0.1546875
9 0.53671875 0.2359375 0.2140625 0.265625
9 0.33828125 0.63046875 0.1125 0.1453125
9 0.07109375 0.5703125 0.1421875 0.209375
9 0.265625 0.37890625 0.1921875 0.19375
9 0.57890625 0.5875 0.1625 0.240625
9 0.6953125 0.565625 0.225 0.265625
9 0.61328125 0.453125 0.2046875 0.2359375
9 0.64296875 0.31796875 0.203125 0.2484375
9 0.6296875 0.703125 0.1703125 0.178125
9 0.55 0.76953125 0.18125 0.1796875
9 0.46171875 0.8 0.128125 0.171875
9 0.33125 0.30625 0.2328125 0.303125
9 0.36015625 0.43359375 0.10625 0.153125
9 0.1484375 0.79375 0.15625 0.2
9 0.1140625 0.69140625 0.1796875 0.1890625
9 0.178125 0.62578125 0.16875 0.2046875
9 0.47421875 0.51796875 0.1078125 0.1234375
9 0.64765625 0.221875 0.1796875 0.271875
9 0.3921875 0.6328125 0.1109375 0.1125
9 0.21328125 0.83125 0.125 0.1734375