3 0.390625 0.3703125 0.13125 0.1296875
3 0.10390625 0.38125 0.1390625 0.134375
3 0.35234375 0.53359375 0.134375 0.2140625
3 0.0796875 0.73828125 0.09375 0.190625
3 0.0609375 0.584375 0.121875 0.1578125
3 0.19453125 0.765625 0.13125 0.2046875
3 0.35234375 0.7296875 0.1421875 0.190625
3 0.3921875 0.88984375 0.1625 0.2171875
3 0.88828125 0.4921875 0.09375 0.1875
3 0.92421875 0.2671875 0.0859375 0.190625
3 0.78203125 0.2765625 0.140625 0.0921875
3 0.79453125 0.13671875 0.0921875 0.15
3 0.65078125 0.26953125 0.18125 0.33125
3 0.09140625 0.184375 0.125 0.1578125
3 0.16953125 0.1046875 0.1109375 0.196875
3 0.23359375 0.190625 0.1015625 0.11875