9 0.39296875 0.6421875 0.1296875 0.125
9 0.11796875 0.6078125 0.1359375 0.125
9 0.365625 0.46875 0.13125 0.16875
9 0.11328125 0.28125 0.0921875 0.1421875
9 0.08125 0.4046875 0.1328125 0.15
9 0.22578125 0.24296875 0.128125 0.196875
9 0.3765625 0.28671875 0.140625 0.1734375
9 0.42265625 0.1078125 0.134375 0.196875
9 0.88125 0.56640625 0.0921875 0.1796875
9 0.9046875 0.78671875 0.0859375 0.184375
9 0.7734375 0.8953125 0.0921875 0.1625
9 0.63984375 0.7625 0.1765625 0.31875
9 0.09296875 0.796875 0.1234375 0.15
9 0.165625 0.884375 0.1078125 0.190625
9 0.23203125 0.80390625 0.1 0.1140625
9 0.50390625 0.27265625 0.103125 0.1453125