3 0.4109375 0.64296875 0.1328125 0.128125
3 0.12421875 0.62578125 0.140625 0.13125
3 0.37109375 0.47734375 0.1359375 0.2125
3 0.09609375 0.26796875 0.0953125 0.1890625
3 0.078125 0.42109375 0.13125 0.1578125
3 0.21015625 0.24296875 0.1328125 0.2015625
3 0.36875 0.28203125 0.1453125 0.1875
3 0.4046875 0.11484375 0.1609375 0.2296875
3 0.9078125 0.528125 0.0953125 0.1859375
3 0.946875 0.75390625 0.0890625 0.1890625
3 0.80390625 0.7421875 0.140625 0.0890625
3 0.81953125 0.88203125 0.09375 0.1484375
3 0.67265625 0.746875 0.184375 0.328125
3 0.1140625 0.82265625 0.1265625 0.1546875
3 0.1953125 0.90078125 0.1140625 0.1875
3 0.25625 0.81875 0.103125 0.1171875