9 0.45703125 0.3265625 0.159375 0.1578125
9 0.190625 0.2515625 0.1671875 0.1609375
9 0.3640625 0.4765625 0.175 0.1984375
9 0.06171875 0.55078125 0.1234375 0.1609375
9 0.08125 0.42421875 0.1625 0.1828125
9 0.146875 0.6296875 0.1828125 0.2234375
9 0.303125 0.64765625 0.1875 0.20625
9 0.27578125 0.83046875 0.1890625 0.225
9 0.87734375 0.5875 0.14375 0.1953125
9 0.9578125 0.39296875 0.084375 0.1984375
9 0.90546875 0.24296875 0.1375 0.1796875
9 0.73203125 0.3125 0.2671875 0.3515625
9 0.240625 0.078125 0.1625 0.15625
9 0.34140625 0.06015625 0.1609375 0.1203125
9 0.37265625 0.115625 0.1296875 0.1390625
9 0.41484375 0.7109375 0.1421875 0.1671875