3 0.40859375 0.62734375 0.1296875 0.128125
3 0.121875 0.6125 0.1375 0.1328125
3 0.371875 0.4625 0.13125 0.2125
3 0.10234375 0.2546875 0.090625 0.1890625
3 0.075 0.409375 0.1328125 0.15625
3 0.2171875 0.22890625 0.128125 0.203125
3 0.37421875 0.2671875 0.140625 0.1890625
3 0.41640625 0.10703125 0.159375 0.2140625
3 0.90703125 0.51015625 0.090625 0.1859375
3 0.94140625 0.73515625 0.084375 0.1890625
3 0.7984375 0.72578125 0.1390625 0.090625
3 0.809375 0.86484375 0.090625 0.15
3 0.6671875 0.73125 0.1765625 0.3296875
3 0.10703125 0.809375 0.1234375 0.15625
3 0.18359375 0.89375 0.10625 0.196875
3 0.24921875 0.80390625 0.1 0.11875