9 0.1375 0.375 0.08125 0.0640625
9 0.4140625 0.16953125 0.0328125 0.065625
9 0.53515625 0.13046875 0.059375 0.1015625
9 0.36796875 0.21953125 0.06875 0.08125
9 0.76796875 0.2015625 0.0640625 0.046875
9 0.33046875 0.2984375 0.0640625 0.084375
9 0.60234375 0.18828125 0.05625 0.109375
9 0.67578125 0.20859375 0.0515625 0.10625
9 0.38984375 0.525 0.034375 0.0609375
9 0.428125 0.51953125 0.04375 0.0625
9 0.47265625 0.49765625 0.0390625 0.053125
9 0.51484375 0.47109375 0.046875 0.0515625
9 0.45234375 0.3296875 0.04375 0.0984375
9 0.49296875 0.2734375 0.0625 0.0578125
9 0.56796875 0.428125 0.0765625 0.0609375