9 0.13671875 0.375 0.09375 0.0921875
9 0.22890625 0.7078125 0.0625 0.0640625
9 0.3 0.81328125 0.103125 0.103125
9 0.22265625 0.63984375 0.0953125 0.096875
9 0.52734375 0.9 0.071875 0.071875
9 0.2421875 0.55390625 0.0953125 0.096875
9 0.3890625 0.80859375 0.1046875 0.10625
9 0.459375 0.8375 0.1 0.1015625
9 0.428125 0.4125 0.0609375 0.0625
9 0.45546875 0.440625 0.0671875 0.06875
9 0.47734375 0.48515625 0.059375 0.059375
9 0.49375 0.53203125 0.0640625 0.0640625
9 0.3578125 0.6046875 0.0921875 0.09375
9 0.3546875 0.6734375 0.078125 0.078125
9 0.509375 0.5984375 0.0890625 0.0890625