3 0.7734375 0.65625 0.0515625 0.071875
3 0.8390625 0.634375 0.0765625 0.0578125
3 0.44921875 0.46171875 0.0375 0.05
3 0.4875 0.79765625 0.05625 0.0546875
3 0.5375 0.821875 0.028125 0.0640625
3 0.41015625 0.85625 0.053125 0.0984375
3 0.5890625 0.7765625 0.0625 0.0796875
3 0.1890625 0.76953125 0.0671875 0.0640625
3 0.17265625 0.62578125 0.0765625 0.065625
3 0.640625 0.69765625 0.0640625 0.0828125
3 0.3515625 0.7921875 0.0484375 0.10625
3 0.271875 0.7671875 0.0578125 0.103125
3 0.60703125 0.4765625 0.028125 0.08125
3 0.565625 0.46953125 0.0375 0.059375
3 0.51796875 0.48984375 0.034375 0.0515625
3 0.47265625 0.51171875 0.0421875 0.05
3 0.51875 0.65859375 0.0390625 0.0953125
3 0.4703125 0.71328125 0.059375 0.05625
3 0.41484375 0.55234375 0.0734375 0.0578125