3 0.21953125 0.3078125 0.0515625 0.0734375
3 0.1546875 0.33046875 0.0765625 0.059375
3 0.55078125 0.50078125 0.0375 0.05
3 0.5046875 0.1640625 0.05625 0.05625
3 0.453125 0.13984375 0.0265625 0.0640625
3 0.5796875 0.1046875 0.0515625 0.1
3 0.403125 0.1859375 0.0609375 0.08125
3 0.80546875 0.190625 0.065625 0.0640625
3 0.82578125 0.33515625 0.0765625 0.0671875
3 0.353125 0.265625 0.0640625 0.0828125
3 0.64140625 0.16875 0.046875 0.10625
3 0.72265625 0.19296875 0.05625 0.1046875
3 0.3921875 0.48828125 0.0265625 0.08125
3 0.43359375 0.49453125 0.0375 0.0609375
3 0.48125 0.4734375 0.034375 0.053125
3 0.5265625 0.4515625 0.0421875 0.05
3 0.47578125 0.30390625 0.0375 0.096875
3 0.5234375 0.24921875 0.059375 0.05625
3 0.5828125 0.41015625 0.0734375 0.059375