9 0.6484375 0.8109375 0.11875 0.1078125
9 0.85234375 0.48984375 0.2265625 0.2234375
9 0.58125 0.91015625 0.1328125 0.1265625
9 0.740625 0.73984375 0.0828125 0.0953125
9 0.94375 0.63984375 0.1109375 0.121875
9 0.81484375 0.60390625 0.075 0.0859375
9 0.8859375 0.57265625 0.1046875 0.115625
9 0.89765625 0.66796875 0.1046875 0.1203125
9 0.74296875 0.45234375 0.1671875 0.1703125
9 0.68046875 0.3015625 0.11875 0.109375
9 0.5703125 0.2390625 0.14375 0.1625
9 0.63828125 0.1796875 0.146875 0.15
9 0.62109375 0.46328125 0.0984375 0.1
9 0.55078125 0.5515625 0.103125 0.1046875
9 0.6546875 0.55234375 0.115625 0.1359375
9 0.44140625 0.40859375 0.0828125 0.0921875
9 0.48203125 0.38984375 0.0671875 0.071875
9 0.45390625 0.3484375 0.1046875 0.1140625
9 0.3609375 0.4859375 0.1203125 0.1390625
9 0.2875 0.515625 0.1328125 0.146875
9 0.23828125 0.56328125 0.13125 0.1265625
9 0.31640625 0.8 0.1484375 0.1703125
9 0.5109375 0.76875 0.1578125 0.1546875
9 0.40390625 0.64453125 0.13125 0.1328125
9 0.30234375 0.659375 0.15625 0.171875
9 0.4640625 0.50546875 0.0859375 0.0828125
9 0.51015625 0.8828125 0.0828125 0.084375