9 0.81796875 0.28515625 0.0828125 0.0671875
9 0.49765625 0.15859375 0.0359375 0.065625
9 0.3703125 0.1515625 0.0640625 0.103125
9 0.55546875 0.19453125 0.071875 0.084375
9 0.1640625 0.28125 0.065625 0.05
9 0.61171875 0.26171875 0.06875 0.0875
9 0.3203125 0.22578125 0.0609375 0.1109375
9 0.2546875 0.2640625 0.05625 0.1078125
9 0.61328125 0.4953125 0.0375 0.0625
9 0.57421875 0.5 0.046875 0.0640625
9 0.525 0.490625 0.0421875 0.0546875
9 0.478125 0.47578125 0.0484375 0.053125
9 0.50234375 0.3234375 0.0484375 0.1
9 0.4484375 0.2796875 0.065625 0.0609375
9 0.415625 0.4484375 0.0796875 0.0640625