3 0.7828125 0.6484375 0.053125 0.0734375
3 0.8484375 0.625 0.0765625 0.059375
3 0.45390625 0.4515625 0.0375 0.05
3 0.49453125 0.790625 0.05625 0.05625
3 0.54609375 0.815625 0.028125 0.065625
3 0.4171875 0.85078125 0.053125 0.1
3 0.596875 0.76875 0.0625 0.08125
3 0.19375 0.7625 0.0671875 0.0640625
3 0.17578125 0.6171875 0.0765625 0.0671875
3 0.6484375 0.690625 0.065625 0.084375
3 0.35703125 0.78515625 0.0484375 0.1078125
3 0.2765625 0.76015625 0.0578125 0.1046875
3 0.61328125 0.46640625 0.028125 0.0828125
3 0.571875 0.459375 0.0375 0.059375
3 0.52421875 0.4796875 0.034375 0.053125
3 0.478125 0.50234375 0.0421875 0.0515625
3 0.525 0.65078125 0.0375 0.096875
3 0.4765625 0.70625 0.059375 0.05625
3 0.4203125 0.54296875 0.0734375 0.059375