9 0.3625 0.184375 0.11875 0.10625
9 0.14765625 0.49765625 0.2265625 0.221875
9 0.43359375 0.08671875 0.1328125 0.125
9 0.26796875 0.25234375 0.0796875 0.0953125
9 0.0609375 0.34453125 0.109375 0.121875
9 0.1890625 0.38515625 0.0734375 0.0859375
9 0.11640625 0.4140625 0.103125 0.115625
9 0.1078125 0.31796875 0.103125 0.121875
9 0.25546875 0.5390625 0.165625 0.16875
9 0.3125 0.6921875 0.11875 0.1078125
9 0.42109375 0.7578125 0.140625 0.1625
9 0.35 0.81484375 0.1453125 0.1484375
9 0.378125 0.53203125 0.0984375 0.0984375
9 0.45078125 0.446875 0.103125 0.1046875
9 0.346875 0.4421875 0.1125 0.1359375
9 0.55546875 0.59375 0.08125 0.09375
9 0.5140625 0.6109375 0.065625 0.071875
9 0.540625 0.653125 0.103125 0.1140625
9 0.6390625 0.51875 0.1171875 0.140625
9 0.7125 0.49140625 0.1296875 0.1484375
9 0.7640625 0.44609375 0.1296875 0.125
9 0.69375 0.20703125 0.1453125 0.171875
9 0.4984375 0.23125 0.1578125 0.153125
9 0.6015625 0.359375 0.1296875 0.13125
9 0.703125 0.34765625 0.153125 0.171875
9 0.5359375 0.49609375 0.0859375 0.0828125
9 0.503125 0.1171875 0.08125 0.084375