9 0.37421875 0.1796875 0.1140625 0.0859375
9 0.74765625 0.24921875 0.2015625 0.1921875
9 0.25546875 0.1609375 0.1234375 0.1046875
9 0.48828125 0.1609375 0.0625 0.09375
9 0.7 0.0796875 0.0890625 0.115625
9 0.6390625 0.1984375 0.05625 0.084375
9 0.71015625 0.16796875 0.0828125 0.1109375
9 0.6484375 0.09453125 0.0796875 0.11875
9 0.70078125 0.3546875 0.14375 0.1515625
9 0.76796875 0.503125 0.1109375 0.0875
9 0.73828125 0.6265625 0.1109375 0.1578125
9 0.82890625 0.6171875 0.125 0.134375
9 0.609375 0.43671875 0.0859375 0.0875
9 0.496875 0.42734375 0.090625 0.0921875
9 0.5671875 0.35078125 0.084375 0.134375
9 0.52734375 0.60546875 0.0640625 0.0890625
9 0.56875 0.58828125 0.0546875 0.06875
9 0.5796875 0.6375 0.084375 0.1078125
9 0.41484375 0.61171875 0.0890625 0.1390625
9 0.34375 0.64453125 0.103125 0.1421875
9 0.275 0.6484375 0.1171875 0.1078125
9 0.15546875 0.4296875 0.1109375 0.16875
9 0.3109375 0.30859375 0.140625 0.134375
9 0.32890625 0.471875 0.1125 0.1171875
9 0.24921875 0.5359375 0.1234375 0.1640625
9 0.471875 0.52265625 0.078125 0.0703125
9 0.2265625 0.23125 0.0703125 0.0765625