8 0.73515625 0.33671875 0.415625 0.415625
8 0.946875 0.62109375 0.10625 0.2015625
8 0.78046875 0.709375 0.2890625 0.2890625
8 0.66875 0.44453125 0.1796875 0.1796875
8 0.315625 0.2625 0.225 0.225
8 0.203125 0.41015625 0.15625 0.15625
8 0.40390625 0.58984375 0.1234375 0.1234375
3 0.23359375 0.71640625 0.19375 0.19375
3 0.2859375 0.5609375 0.2515625 0.2515625
3 0.28828125 0.378125 0.184375 0.184375
3 0.51015625 0.478125 0.2234375 0.2234375
3 0.65390625 0.67421875 0.253125 0.253125
3 0.47109375 0.615625 0.1453125 0.1453125
8 0.43828125 0.72734375 0.0890625 0.0890625
3 0.0390625 0.6265625 0.078125 0.225
3 0.77578125 0.17890625 0.4203125 0.3578125