8 0.36796875 0.44921875 0.2328125 0.26875
8 0.5765625 0.865625 0.259375 0.26875
8 0.5609375 0.5796875 0.29375 0.30625
8 0.2421875 0.1671875 0.1359375 0.153125
8 0.14453125 0.33828125 0.1328125 0.1296875
8 0.72578125 0.79296875 0.228125 0.2375
8 0.88671875 0.7921875 0.1125 0.1125
8 0.91328125 0.665625 0.128125 0.1421875
8 0.73046875 0.421875 0.0890625 0.096875
8 0.07109375 0.375 0.1421875 0.190625
8 0.246875 0.7375 0.2171875 0.228125
8 0.2828125 0.8578125 0.1875 0.2203125
8 0.153125 0.81484375 0.1296875 0.14375
8 0.87109375 0.503125 0.21875 0.2234375
8 0.803125 0.3015625 0.2265625 0.2734375
8 0.55 0.19765625 0.1890625 0.1953125
8 0.534375 0.2890625 0.08125 0.0859375