8 0.05546875 0.93984375 0.0515625 0.078125
8 0.26484375 0.06171875 0.040625 0.0328125
8 0.096875 0.759375 0.065625 0.090625
8 0.09453125 0.8546875 0.0296875 0.053125
8 0.315625 0.0515625 0.0421875 0.0578125
8 0.434375 0.05390625 0.084375 0.1078125
8 0.45859375 0.11953125 0.0984375 0.09375
8 0.27109375 0.3125 0.0609375 0.0515625
8 0.59609375 0.06953125 0.034375 0.0640625
8 0.55546875 0.1828125 0.03125 0.0484375
8 0.64921875 0.028125 0.01875 0.0359375
8 0.60234375 0.16171875 0.0703125 0.06875
8 0.6171875 0.24609375 0.075 0.1453125
8 0.72421875 0.06640625 0.0484375 0.1125
8 0.7578125 0.1234375 0.0625 0.08125
8 0.76171875 0.2046875 0.065625 0.0734375
8 0.78359375 0.3734375 0.0703125 0.0609375
8 0.834375 0.275 0.028125 0.0875
8 0.2234375 0.75859375 0.05 0.1046875
8 0.37890625 0.39921875 0.04375 0.0875