8 0.575 0.06328125 0.1625 0.1265625
8 0.4109375 0.075 0.1234375 0.1328125
8 0.49296875 0.14765625 0.140625 0.1484375
8 0.5140625 0.12890625 0.1671875 0.1984375
8 0.6953125 0.25234375 0.1171875 0.1328125
8 0.57421875 0.271875 0.140625 0.153125
8 0.6234375 0.23359375 0.1203125 0.140625
8 0.3765625 0.17734375 0.1296875 0.1328125
8 0.53984375 0.34609375 0.128125 0.1546875
8 0.4875 0.415625 0.140625 0.1640625
8 0.8640625 0.440625 0.128125 0.128125
8 0.9171875 0.55859375 0.134375 0.15625
8 0.86171875 0.571875 0.084375 0.0921875
8 0.93046875 0.728125 0.121875 0.140625
8 0.73125 0.60625 0.1359375 0.1546875
8 0.7546875 0.67890625 0.1078125 0.1046875
8 0.6875 0.46796875 0.103125 0.115625
8 0.32734375 0.040625 0.0765625 0.075
8 0.30390625 0.125 0.10625 0.11875
8 0.44609375 0.26875 0.134375 0.1390625
8 0.62109375 0.6359375 0.071875 0.0796875
8 0.68046875 0.759375 0.1234375 0.1421875
8 0.65078125 0.83671875 0.1703125 0.203125
8 0.5640625 0.784375 0.0890625 0.10625
8 0.42421875 0.5109375 0.1984375 0.2390625
8 0.3890625 0.3515625 0.115625 0.11875
8 0.28828125 0.2234375 0.1515625 0.1765625
8 0.26640625 0.31875 0.10625 0.115625
8 0.40546875 0.71015625 0.140625 0.1671875
8 0.125 0.18828125 0.0890625 0.0875
8 0.18984375 0.353125 0.0640625 0.071875
8 0.2078125 0.48125 0.1609375 0.184375
8 0.28203125 0.621875 0.0734375 0.0796875
8 0.33359375 0.62421875 0.1 0.11875
8 0.1546875 0.48359375 0.178125 0.203125
8 0.1046875 0.44921875 0.209375 0.2828125
8 0.25234375 0.6625 0.1046875 0.1140625
8 0.27421875 0.828125 0.11875 0.1390625
8 0.15625 0.653125 0.09375 0.103125
8 0.0953125 0.60234375 0.0890625 0.0984375
3 0.09765625 0.71328125 0.0859375 0.0875