8 0.16015625 0.1875 0.11875 0.1265625
8 0.30859375 0.11015625 0.078125 0.1140625
8 0.2890625 0.21796875 0.0921875 0.125
8 0.2609375 0.21640625 0.0765625 0.1984375
8 0.19296875 0.425 0.065625 0.125
8 0.3015625 0.365625 0.0859375 0.1359375
8 0.2390625 0.365625 0.0578125 0.1390625
8 0.3984375 0.16953125 0.0921875 0.1046875
8 0.3734375 0.403125 0.05625 0.1578125
8 0.4578125 0.42578125 0.0703125 0.159375
8 0.1765625 0.67734375 0.096875 0.096875
8 0.2078125 0.803125 0.06875 0.15
8 0.259375 0.7796875 0.0515625 0.0828125
8 0.3 0.93828125 0.0625 0.1234375
8 0.38359375 0.72578125 0.075 0.1453125
8 0.409375 0.7984375 0.0875 0.0734375
8 0.3328125 0.58984375 0.0578125 0.10625
8 0.353125 0.03203125 0.0625 0.053125
8 0.4234375 0.08359375 0.059375 0.1109375
8 0.4 0.284375 0.09375 0.1140625
8 0.48828125 0.68125 0.0421875 0.071875
8 0.5171875 0.815625 0.0625 0.1390625
8 0.58828125 0.85859375 0.078125 0.2046875
8 0.625 0.76328125 0.040625 0.1078125
8 0.5671875 0.46171875 0.0859375 0.24375
8 0.49609375 0.31484375 0.0828125 0.0953125
8 0.496875 0.15234375 0.0765625 0.1703125
8 0.57265625 0.21328125 0.0640625 0.1015625
8 0.70390625 0.6078125 0.0640625 0.1671875
8 0.60234375 0.02734375 0.0703125 0.0546875
8 0.65390625 0.19296875 0.0390625 0.0640625
8 0.71875 0.30546875 0.084375 0.1765625
8 0.746875 0.46171875 0.0453125 0.06875
8 0.7078125 0.4953125 0.0453125 0.11875
8 0.76171875 0.27421875 0.09375 0.19375
8 0.79140625 0.2078125 0.109375 0.2828125
8 0.7953125 0.47578125 0.0640625 0.1015625
8 0.88046875 0.61953125 0.0578125 0.1359375
8 0.865625 0.40859375 0.05625 0.0921875
8 0.88125 0.33125 0.0546875 0.0875
3 0.94765625 0.4203125 0.0640625 0.0671875