8 0.46171875 0.690625 0.140625 0.2046875
8 0.040625 0.63046875 0.08125 0.1421875
8 0.075 0.4953125 0.10625 0.1515625
8 0.0203125 0.4296875 0.040625 0.109375
8 0.0296875 0.4875 0.059375 0.15
8 0.07265625 0.75234375 0.125 0.1015625
8 0.121875 0.70859375 0.0734375 0.109375
8 0.12109375 0.5859375 0.1296875 0.140625
8 0.2 0.165625 0.1125 0.146875
8 0.146875 0.03203125 0.090625 0.0640625
8 0.25078125 0.1 0.0921875 0.09375
8 0.1484375 0.47421875 0.09375 0.153125
8 0.25859375 0.4203125 0.1140625 0.221875
8 0.3609375 0.11171875 0.0890625 0.1515625
8 0.434375 0.0921875 0.125 0.184375
8 0.50234375 0.359375 0.1 0.1796875
8 0.49765625 0.484375 0.0734375 0.1359375
8 0.53203125 0.5328125 0.090625 0.096875
8 0.3890625 0.66640625 0.1046875 0.16875
8 0.396875 0.81875 0.1015625 0.153125
8 0.56328125 0.965625 0.0859375 0.06875
8 0.4671875 0.9609375 0.08125 0.078125
8 0.5359375 0.7359375 0.10625 0.1609375
8 0.65859375 0.5765625 0.1109375 0.190625
8 0.6078125 0.5171875 0.05 0.0953125
8 0.71484375 0.4640625 0.10625 0.14375
8 0.7796875 0.48671875 0.1046875 0.184375
8 0.6828125 0.72578125 0.090625 0.1140625
8 0.7109375 0.66796875 0.0625 0.090625
8 0.8953125 0.809375 0.1125 0.165625
8 0.90546875 0.640625 0.1375 0.2140625
8 0.7515625 0.89609375 0.0796875 0.09375
8 0.95 0.3625 0.1 0.171875
8 0.82578125 0.4390625 0.0921875 0.2
8 0.46484375 0.18984375 0.0796875 0.1203125