8 0.42265625 0.31796875 0.128125 0.146875
8 0.259375 0.31015625 0.0765625 0.0796875
8 0.19296875 0.2046875 0.1078125 0.1328125
8 0.171875 0.13828125 0.0765625 0.071875
8 0.58203125 0.43359375 0.0609375 0.065625
8 0.478125 0.4875 0.0875 0.11875
8 0.43046875 0.55078125 0.059375 0.0734375
8 0.51875 0.653125 0.0390625 0.04375
8 0.51640625 0.62109375 0.028125 0.03125
8 0.41015625 0.440625 0.071875 0.09375
8 0.0796875 0.22109375 0.09375 0.115625
8 0.1109375 0.20234375 0.0578125 0.0625
8 0.3546875 0.5734375 0.0609375 0.078125
8 0.56640625 0.92265625 0.09375 0.103125
8 0.06328125 0.3984375 0.1265625 0.18125
8 0.28515625 0.6328125 0.121875 0.153125
8 0.271875 0.67734375 0.0390625 0.0390625
8 0.228125 0.69296875 0.1234375 0.153125
8 0.26640625 0.790625 0.253125 0.3