8 0.74609375 0.896875 0.0625 0.175
8 0.88203125 0.9265625 0.0515625 0.146875
8 0.70390625 0.83828125 0.05625 0.1578125
8 0.90234375 0.7234375 0.071875 0.209375
8 0.815625 0.69140625 0.040625 0.1421875
8 0.65703125 0.81484375 0.0421875 0.128125
8 0.6671875 0.6453125 0.065625 0.19375
8 0.72578125 0.51875 0.059375 0.084375
8 0.89453125 0.4734375 0.06875 0.1390625
8 0.64765625 0.21015625 0.028125 0.0703125
8 0.80625 0.36484375 0.0421875 0.0625
8 0.59453125 0.04296875 0.08125 0.0859375
8 0.5234375 0.03671875 0.0421875 0.0734375
8 0.559375 0.1765625 0.071875 0.13125
8 0.56953125 0.52578125 0.0625 0.184375
8 0.4921875 0.53828125 0.0875 0.2140625
8 0.446875 0.81484375 0.0578125 0.15625
8 0.478125 0.69453125 0.0375 0.11875
8 0.47265625 0.34140625 0.0484375 0.128125
8 0.47890625 0.10390625 0.0609375 0.1484375
8 0.4953125 0.1984375 0.040625 0.06875
8 0.3890625 0.24375 0.040625 0.065625
8 0.1828125 0.34921875 0.078125 0.103125
8 0.2390625 0.7015625 0.0796875 0.2796875
8 0.2640625 0.10078125 0.065625 0.1578125
3 0.4109375 0.371875 0.121875 0.190625
8 0.18046875 0.184375 0.071875 0.090625
8 0.2109375 0.26015625 0.05625 0.11875
8 0.04609375 0.41328125 0.0921875 0.1359375
8 0.134375 0.2890625 0.071875 0.0953125
8 0.0859375 0.2828125 0.0609375 0.075
8 0.13046875 0.496875 0.090625 0.115625
8 0.0625 0.55703125 0.0765625 0.1453125
8 0.125 0.60703125 0.0484375 0.1359375
8 0.1609375 0.653125 0.0578125 0.1828125
8 0.1015625 0.9171875 0.0921875 0.1375
8 0.21953125 0.8828125 0.0484375 0.078125
8 0.24296875 0.03046875 0.1078125 0.0609375
8 0.2953125 0.59375 0.0296875 0.059375
8 0.2734375 0.52890625 0.0265625 0.059375
8 0.5328125 0.6671875 0.0421875 0.0390625