8 0.3703125 0.565625 0.1234375 0.1734375
8 0.5734375 0.4453125 0.078125 0.10625
8 0.43203125 0.58203125 0.125 0.15625
8 0.54296875 0.68125 0.1453125 0.2171875
8 0.6546875 0.65078125 0.128125 0.159375
8 0.68671875 0.42578125 0.1265625 0.159375
8 0.58046875 0.51796875 0.0921875 0.115625
8 0.5578125 0.82578125 0.1609375 0.278125
8 0.52578125 0.78984375 0.084375 0.121875
8 0.48515625 0.53828125 0.1640625 0.25
8 0.52734375 0.29921875 0.2421875 0.3921875
8 0.415625 0.29453125 0.14375 0.2359375
8 0.259375 0.81796875 0.146875 0.2125
8 0.21171875 0.79375 0.0671875 0.1109375
8 0.2046875 0.6734375 0.146875 0.2453125
8 0.221875 0.4171875 0.128125 0.1609375
8 0.365625 0.1828125 0.1875 0.3125