8 0.79296875 0.14375 0.1234375 0.13125
8 0.6359375 0.0875 0.0828125 0.1171875
8 0.66953125 0.19140625 0.096875 0.128125
8 0.69765625 0.18515625 0.084375 0.2
8 0.79296875 0.38359375 0.06875 0.1265625
8 0.678125 0.3390625 0.090625 0.1390625
8 0.73984375 0.33046875 0.0625 0.140625
8 0.5546875 0.15859375 0.0953125 0.1078125
8 0.61171875 0.38671875 0.0625 0.159375
8 0.53125 0.4203125 0.0765625 0.1625
8 0.84453125 0.63046875 0.1 0.1
8 0.83203125 0.759375 0.075 0.1515625
8 0.7765625 0.74296875 0.0546875 0.0828125
8 0.75859375 0.9125 0.0671875 0.1359375
8 0.646875 0.7078125 0.0796875 0.146875
8 0.63125 0.7828125 0.0890625 0.0765625
8 0.678125 0.565625 0.0625 0.1078125
8 0.57890625 0.021875 0.0640625 0.04375
8 0.51796875 0.07734375 0.0625 0.1125
8 0.56875 0.27265625 0.096875 0.1171875
8 0.53671875 0.678125 0.0453125 0.0734375
8 0.5265625 0.815625 0.065625 0.140625
8 0.4625 0.8671875 0.0859375 0.20625
8 0.41328125 0.778125 0.04375 0.109375
8 0.42890625 0.471875 0.09375 0.2453125
8 0.478125 0.31640625 0.0859375 0.096875
8 0.4546875 0.1546875 0.0828125 0.171875
8 0.38828125 0.22578125 0.0671875 0.1046875
8 0.31328125 0.634375 0.0703125 0.16875
8 0.33125 0.04296875 0.0734375 0.0640625
8 0.30546875 0.2171875 0.040625 0.065625
8 0.25625 0.3375 0.0890625 0.178125
8 0.25 0.496875 0.0484375 0.0703125
8 0.29375 0.52421875 0.05 0.1203125
8 0.209375 0.31328125 0.1 0.1953125
8 0.17109375 0.2515625 0.11875 0.2859375
8 0.20390625 0.5171875 0.0671875 0.103125
8 0.13984375 0.67109375 0.0625 0.1375
8 0.12578125 0.4609375 0.059375 0.09375
8 0.0984375 0.3859375 0.0578125 0.0890625
3 0.0453125 0.48359375 0.065625 0.06875