8 0.24375 0.35390625 0.16875 0.1828125
3 0.1640625 0.51171875 0.071875 0.1515625
8 0.4140625 0.3109375 0.1125 0.1765625
3 0.47265625 0.384375 0.08125 0.1953125
3 0.58515625 0.3046875 0.0671875 0.103125
3 0.54296875 0.421875 0.0515625 0.140625
3 0.659375 0.56484375 0.0859375 0.184375
3 0.7625 0.3984375 0.09375 0.2125
3 0.74140625 0.6515625 0.06875 0.2109375
8 0.58515625 0.7375 0.0828125 0.203125
8 0.4921875 0.66875 0.090625 0.1296875
8 0.5234375 0.8375 0.09375 0.2265625
8 0.3875 0.65703125 0.0984375 0.128125
8 0.121875 0.37578125 0.059375 0.134375
8 0.83828125 0.6609375 0.0921875 0.2421875