8 0.5796875 0.42265625 0.1921875 0.190625
8 0.21328125 0.384375 0.128125 0.1609375
8 0.621875 0.09921875 0.121875 0.15625
8 0.53046875 0.08359375 0.1078125 0.1265625
8 0.840625 0.47734375 0.2390625 0.3703125
8 0.94140625 0.49609375 0.1109375 0.1515625
8 0.73828125 0.40703125 0.046875 0.0609375
8 0.55546875 0.325 0.059375 0.075
8 0.6984375 0.79140625 0.16875 0.221875
8 0.63203125 0.8609375 0.184375 0.2546875
8 0.44296875 0.475 0.128125 0.14375
8 0.40390625 0.3421875 0.0703125 0.0859375
8 0.39609375 0.21171875 0.11875 0.1171875
8 0.44609375 0.5734375 0.10625 0.1546875
3 0.63671875 0.57890625 0.146875 0.1953125
8 0.39296875 0.7484375 0.071875 0.0890625
8 0.28125 0.54453125 0.0875 0.1171875
8 0.1375 0.43671875 0.1015625 0.115625
8 0.13984375 0.19296875 0.0796875 0.1
8 0.21640625 0.20546875 0.1171875 0.1265625
8 0.31796875 0.1296875 0.10625 0.1421875
3 0.06640625 0.684375 0.096875 0.125