8 0.18984375 0.60390625 0.08125 0.1359375
8 0.090625 0.571875 0.0765625 0.1203125
8 0.203125 0.478125 0.05625 0.0671875
8 0.240625 0.478125 0.0640625 0.0953125
8 0.09609375 0.79453125 0.0453125 0.1234375
8 0.12734375 0.74453125 0.040625 0.1484375
8 0.15703125 0.578125 0.0625 0.165625
8 0.19609375 0.74765625 0.075 0.1375
8 0.25390625 0.8109375 0.04375 0.1328125
8 0.30625 0.53984375 0.0765625 0.103125
8 0.36640625 0.8984375 0.065625 0.203125
8 0.38203125 0.55703125 0.0875 0.0984375
8 0.3921875 0.3203125 0.0625 0.1453125
8 0.61015625 0.74453125 0.075 0.1890625
8 0.578125 0.93671875 0.04375 0.1265625
8 0.57421875 0.85234375 0.05625 0.1203125
8 0.6234375 0.896875 0.05 0.0796875
8 0.68359375 0.7609375 0.06875 0.1953125
8 0.571875 0.5671875 0.0546875 0.1140625
8 0.50078125 0.44140625 0.0765625 0.0875
8 0.60625 0.32265625 0.059375 0.1453125
8 0.7 0.2265625 0.084375 0.13125
8 0.62890625 0.215625 0.0484375 0.103125
8 0.6765625 0.38359375 0.0703125 0.1453125
8 0.6203125 0.42421875 0.0359375 0.0671875
8 0.7640625 0.9 0.065625 0.2
8 0.81796875 0.75859375 0.0625 0.1
8 0.93046875 0.95546875 0.05625 0.0890625
8 0.775 0.46796875 0.0484375 0.1171875
8 0.96015625 0.7015625 0.0203125 0.078125