8 0.48515625 0.4546875 0.20625 0.5859375
8 0.29765625 0.5296875 0.196875 0.2890625
8 0.72578125 0.23671875 0.2296875 0.21875
8 0.74453125 0.85859375 0.1453125 0.2828125
8 0.34921875 0.38125 0.0765625 0.075
8 0.7203125 0.63828125 0.0671875 0.09375
8 0.84453125 0.871875 0.1328125 0.25625
8 0.81875 0.6625 0.034375 0.1234375
8 0.97265625 0.15234375 0.0546875 0.15625
8 0.69296875 0.021875 0.0921875 0.04375
8 0.921875 0.25625 0.1015625 0.1578125
3 0.7859375 0.5203125 0.1421875 0.271875
8 0.08046875 0.14921875 0.0984375 0.10625
8 0.39296875 0.23203125 0.096875 0.1046875