8 0.42578125 0.68359375 0.109375 0.1421875
8 0.5359375 0.8046875 0.06875 0.0734375
8 0.50859375 0.92578125 0.0875 0.13125
8 0.4765625 0.978125 0.071875 0.04375
8 0.3953125 0.4890625 0.053125 0.0609375
8 0.50703125 0.525 0.0671875 0.1203125
8 0.58515625 0.51328125 0.046875 0.0734375
8 0.5953125 0.378125 0.034375 0.0421875
8 0.57421875 0.40234375 0.0234375 0.0296875
8 0.521875 0.60546875 0.05625 0.09375
8 0.60078125 0.96875 0.0765625 0.0625
8 0.5640625 0.978125 0.05 0.04375
8 0.6546875 0.55078125 0.046875 0.0796875
8 0.7515625 0.1546875 0.08125 0.0984375
8 0.73828125 0.88046875 0.0953125 0.1859375
8 0.74609375 0.55859375 0.0984375 0.153125
8 0.78671875 0.5359375 0.034375 0.0359375
8 0.82890625 0.55625 0.0984375 0.153125
8 0.8703125 0.46015625 0.2109375 0.2921875