8 0.36484375 0.64453125 0.1375 0.146875
8 0.425 0.79765625 0.0796875 0.08125
8 0.35546875 0.90078125 0.1171875 0.1296875
8 0.303125 0.946875 0.078125 0.075
8 0.40546875 0.45234375 0.0640625 0.065625
8 0.49765625 0.52578125 0.0984375 0.1140625
8 0.57421875 0.5421875 0.0640625 0.071875
8 0.63203125 0.4203125 0.0421875 0.04375
8 0.60390625 0.4359375 0.0296875 0.03125
8 0.4828125 0.60625 0.0796875 0.090625
8 0.415625 0.9703125 0.103125 0.059375
8 0.38515625 0.971875 0.0609375 0.05625
8 0.62578125 0.603125 0.0671875 0.0765625
8 0.85859375 0.26796875 0.0984375 0.103125
8 0.58515625 0.92734375 0.1453125 0.1453125
8 0.70859375 0.6421875 0.134375 0.15
8 0.7546875 0.6359375 0.0390625 0.040625
8 0.78671875 0.6703125 0.134375 0.15
8 0.86015625 0.5953125 0.2734375 0.296875