8 0.3046875 0.34296875 0.1640625 0.2
8 0.46015625 0.4203125 0.146875 0.2203125
8 0.4 0.725 0.1421875 0.153125
8 0.225 0.7234375 0.15625 0.1609375
8 0.2859375 0.9046875 0.1125 0.16875
8 0.2109375 0.5484375 0.08125 0.1765625
8 0.115625 0.5765625 0.196875 0.45
8 0.61015625 0.2875 0.0859375 0.159375
8 0.6515625 0.45625 0.0875 0.1234375
8 0.6703125 0.4515625 0.090625 0.1109375
8 0.63828125 0.7703125 0.1078125 0.1265625
8 0.62265625 0.9140625 0.1109375 0.171875
8 0.69296875 0.7203125 0.1046875 0.2265625
8 0.69609375 0.55234375 0.1015625 0.121875
8 0.7609375 0.89765625 0.0671875 0.2046875
8 0.78671875 0.74375 0.0953125 0.1203125
8 0.7765625 0.61015625 0.05625 0.071875
8 0.84140625 0.559375 0.0625 0.0953125
8 0.68984375 0.36484375 0.071875 0.0859375
8 0.91171875 0.81328125 0.078125 0.1109375
8 0.94375 0.678125 0.0640625 0.125