8 0.62421875 0.35078125 0.1875 0.2078125
8 0.303125 0.0609375 0.140625 0.121875
8 0.22890625 0.17265625 0.1390625 0.153125
8 0.13984375 0.1671875 0.084375 0.1015625
8 0.18828125 0.13515625 0.11875 0.1421875
8 0.26796875 0.02890625 0.0953125 0.0578125
8 0.42734375 0.03515625 0.1328125 0.0703125
8 0.42421875 0.075 0.0984375 0.109375
8 0.328125 0.1515625 0.1515625 0.1546875
8 0.0609375 0.4765625 0.121875 0.153125
8 0.0421875 0.5578125 0.084375 0.10625
8 0.259375 0.24296875 0.13125 0.15
8 0.2859375 0.3625 0.175 0.2078125
8 0.11015625 0.6359375 0.128125 0.1484375
8 0.13125 0.71484375 0.1796875 0.20625
8 0.3921875 0.590625 0.146875 0.171875
8 0.4859375 0.50859375 0.109375 0.128125
8 0.5453125 0.50390625 0.10625 0.1078125
8 0.559375 0.309375 0.146875 0.165625
8 0.6828125 0.21953125 0.1359375 0.153125
8 0.9171875 0.24453125 0.1078125 0.1140625
8 0.84296875 0.18046875 0.096875 0.1
8 0.70625 0.3796875 0.14375 0.1609375
8 0.65859375 0.575 0.159375 0.184375
8 0.58125 0.57265625 0.075 0.0890625
8 0.60703125 0.68984375 0.1359375 0.1484375
8 0.665625 0.72578125 0.1515625 0.178125
8 0.790625 0.5 0.1140625 0.1203125
8 0.76328125 0.5578125 0.0828125 0.0921875
8 0.95703125 0.61171875 0.0859375 0.1671875
8 0.86484375 0.7265625 0.1890625 0.2125
8 0.95859375 0.44609375 0.0828125 0.1015625
8 0.67734375 0.92578125 0.1453125 0.1484375
8 0.6578125 0.79140625 0.15 0.1828125
8 0.23671875 0.66796875 0.1078125 0.1203125