8 0.05390625 0.5890625 0.1078125 0.140625
8 0.17109375 0.67109375 0.1 0.109375
8 0.14765625 0.57578125 0.1078125 0.13125
8 0.1 0.38984375 0.0890625 0.125
8 0.13671875 0.453125 0.0765625 0.1328125
8 0.18515625 0.4453125 0.1109375 0.140625
8 0.2640625 0.42578125 0.0828125 0.153125
8 0.12421875 0.1375 0.1125 0.1046875
8 0.1734375 0.0484375 0.096875 0.096875
8 0.21875 0.05703125 0.0703125 0.084375
8 0.32578125 0.16328125 0.115625 0.128125
8 0.25078125 0.2515625 0.0734375 0.1109375
8 0.35703125 0.06328125 0.1078125 0.096875
8 0.25234375 0.0140625 0.0890625 0.028125
8 0.05546875 0.775 0.078125 0.06875
8 0.2015625 0.76953125 0.0890625 0.09375
8 0.25234375 0.6421875 0.0953125 0.0984375
8 0.25390625 0.5515625 0.10625 0.1265625
8 0.3296875 0.43359375 0.090625 0.153125
8 0.46796875 0.06796875 0.0859375 0.1359375
8 0.41953125 0.17890625 0.0484375 0.0671875
8 0.35546875 0.27578125 0.096875 0.1890625
8 0.33125 0.68125 0.0953125 0.15
8 0.26328125 0.72265625 0.0734375 0.103125
8 0.28671875 0.8359375 0.06875 0.06875
8 0.42109375 0.39296875 0.115625 0.196875
8 0.4609375 0.16484375 0.0984375 0.0953125
8 0.534375 0.06328125 0.09375 0.1265625
8 0.565625 0.1140625 0.0640625 0.1140625
8 0.3921875 0.51640625 0.0484375 0.078125
8 0.3890625 0.8015625 0.1 0.0921875
8 0.40546875 0.6203125 0.0453125 0.0765625
8 0.57421875 0.553125 0.090625 0.1515625
8 0.4828125 0.47265625 0.0859375 0.1328125
8 0.6125 0.278125 0.0859375 0.159375
8 0.6 0.38359375 0.0625 0.11875
8 0.6234375 0.41875 0.071875 0.0796875
8 0.65078125 0.59453125 0.0890625 0.1375
8 0.5453125 0.95546875 0.1 0.0890625
8 0.49609375 0.9515625 0.0484375 0.096875
8 0.73828125 0.46171875 0.0875 0.1484375
8 0.684375 0.4171875 0.075 0.10625
8 0.7421875 0.56015625 0.06875 0.090625
8 0.784375 0.3578125 0.0796875 0.121875
8 0.79765625 0.27890625 0.071875 0.103125
8 0.66484375 0.80234375 0.0859375 0.103125
8 0.88125 0.62734375 0.078125 0.0953125
8 0.83984375 0.6328125 0.0296875 0.0578125
3 0.72109375 0.9203125 0.0796875 0.0828125
3 0.66171875 0.96640625 0.0453125 0.0671875
8 0.3515625 0.84140625 0.05625 0.0828125