8 0.76640625 0.38671875 0.159375 0.1625
8 0.62734375 0.34609375 0.0953125 0.096875
8 0.1671875 0.17890625 0.1453125 0.1453125
8 0.275 0.21171875 0.175 0.1765625
8 0.31484375 0.4109375 0.15625 0.15625
8 0.67890625 0.50078125 0.13125 0.1328125
8 0.77578125 0.61484375 0.11875 0.1203125
8 0.4421875 0.56484375 0.1203125 0.121875
8 0.44296875 0.703125 0.2171875 0.2171875
8 0.24453125 0.66171875 0.1546875 0.15625
8 0.203125 0.75078125 0.1640625 0.1671875
8 0.3109375 0.79375 0.228125 0.23125
8 0.1046875 0.346875 0.175 0.1765625
3 0.5703125 0.4109375 0.1609375 0.1625
3 0.39296875 0.390625 0.096875 0.0984375
3 0.4125 0.48046875 0.10625 0.1078125
3 0.3953125 0.2296875 0.1265625 0.128125
3 0.69921875 0.56015625 0.1859375 0.1890625
3 0.47421875 0.3734375 0.0984375 0.1
3 0.57421875 0.4859375 0.1125 0.1140625
3 0.64140625 0.58125 0.109375 0.1109375
3 0.48671875 0.040625 0.1890625 0.08125
3 0.54296875 0.04296875 0.2203125 0.0859375
3 0.37734375 0.065625 0.1796875 0.13125
3 0.2859375 0.56171875 0.1140625 0.1140625
3 0.56328125 0.69140625 0.175 0.178125
3 0.5140625 0.78515625 0.096875 0.0984375
3 0.109375 0.43203125 0.1859375 0.1875
3 0.02890625 0.4796875 0.0578125 0.128125
3 0.05 0.6234375 0.1 0.13125