8 0.28359375 0.85625 0.078125 0.2875
8 0.30859375 0.59921875 0.06875 0.1046875
8 0.3671875 0.65078125 0.0703125 0.1109375
8 0.44375 0.80390625 0.1015625 0.1828125
8 0.8984375 0.64140625 0.1984375 0.2375
8 0.5515625 0.10859375 0.175 0.2171875
8 0.646875 0.33671875 0.0890625 0.246875
3 0.15078125 0.43203125 0.0796875 0.2671875
3 0.0984375 0.24765625 0.11875 0.140625
3 0.17890625 0.20234375 0.125 0.1234375
3 0.08984375 0.428125 0.078125 0.2515625
3 0.37421875 0.13984375 0.1078125 0.1375
3 0.2390625 0.32421875 0.034375 0.1765625
3 0.43828125 0.275 0.053125 0.1921875
3 0.55390625 0.88984375 0.1046875 0.178125
3 0.5109375 0.6625 0.096875 0.1734375
3 0.59609375 0.475 0.084375 0.0953125
3 0.78828125 0.83203125 0.0953125 0.225
3 0.68046875 0.503125 0.0734375 0.0875