8 0.38671875 0.41484375 0.184375 0.2703125
8 0.47265625 0.871875 0.2234375 0.25625
8 0.53671875 0.59296875 0.25625 0.2890625
8 0.34375 0.10859375 0.1109375 0.1515625
8 0.203125 0.246875 0.1234375 0.115625
8 0.63671875 0.84453125 0.2015625 0.221875
8 0.79140625 0.8875 0.1015625 0.103125
8 0.8515625 0.77265625 0.1078125 0.1375
8 0.74375 0.48828125 0.075 0.09375
8 0.0125 0.34140625 0.025 0.1734375
8 0.10546875 0.2578125 0.153125 0.18125
8 0.190625 0.65859375 0.1875 0.215625
8 0.18046875 0.94921875 0.1359375 0.1015625
8 0.1921875 0.784375 0.146875 0.2234375
8 0.08046875 0.70703125 0.1078125 0.140625
8 0.85546875 0.60546875 0.19375 0.2078125
8 0.84609375 0.3921875 0.171875 0.2828125
8 0.63125 0.2234375 0.165625 0.1828125
8 0.590625 0.30703125 0.0703125 0.08125