8 0.3703125 0.2859375 0.215625 0.2359375
8 0.48984375 0.41171875 0.2078125 0.246875
8 0.32890625 0.6765625 0.1796875 0.1859375
8 0.165625 0.61640625 0.1953125 0.1984375
8 0.16015625 0.80703125 0.1578125 0.1890625
8 0.21171875 0.446875 0.1328125 0.1859375
8 0.1390625 0.440625 0.278125 0.46875
8 0.6765625 0.33828125 0.13125 0.171875
8 0.6578125 0.5109375 0.1203125 0.140625
8 0.6765625 0.5125 0.11875 0.1296875
8 0.5375 0.8015625 0.140625 0.15
8 0.4703125 0.9171875 0.1625 0.165625
8 0.60625 0.77265625 0.171875 0.2375
8 0.66640625 0.615625 0.1328125 0.14375
8 0.60859375 0.9296875 0.1296875 0.140625
8 0.6859375 0.82734375 0.1265625 0.1390625
8 0.721875 0.6984375 0.0765625 0.084375
8 0.80078125 0.671875 0.0890625 0.1078125
8 0.72421875 0.4375 0.09375 0.1015625
8 0.7796875 0.93515625 0.1078125 0.125
8 0.85625 0.81953125 0.1 0.134375