8 0.146875 0.85 0.0453125 0.0390625
8 0.190625 0.13359375 0.08125 0.1
8 0.215625 0.0421875 0.0390625 0.0578125
8 0.1921875 0.875 0.0515625 0.0640625
8 0.30546875 0.91015625 0.1015625 0.125
8 0.34921875 0.85234375 0.1125 0.1078125
8 0.2265625 0.6125 0.06875 0.0609375
8 0.465625 0.93984375 0.0453125 0.06875
8 0.4609375 0.81953125 0.0390625 0.053125
8 0.5046875 0.9875 0.025 0.025
8 0.49921875 0.853125 0.0796875 0.0796875
8 0.53828125 0.7765625 0.1 0.153125
8 0.5875 0.9609375 0.06875 0.078125
8 0.6359375 0.9359375 0.0765625 0.090625
8 0.6640625 0.85859375 0.078125 0.0828125
8 0.734375 0.70390625 0.0796875 0.071875
8 0.75390625 0.8125 0.04375 0.090625
8 0.3109375 0.171875 0.0671875 0.109375
8 0.3546875 0.5609375 0.059375 0.0921875