3 0.19921875 0.4359375 0.0875 0.2828125
3 0.325 0.415625 0.0890625 0.296875
3 0.44921875 0.34765625 0.06875 0.1859375
3 0.2609375 0.165625 0.046875 0.1140625
8 0.37421875 0.14765625 0.053125 0.071875
8 0.2265625 0.20390625 0.05 0.1109375
8 0.28828125 0.15703125 0.028125 0.0671875
3 0.16171875 0.1875 0.096875 0.1484375
3 0.10078125 0.43671875 0.1046875 0.2546875
8 0.4578125 0.5171875 0.065625 0.1515625
8 0.275 0.7515625 0.1265625 0.1328125
3 0.3515625 0.728125 0.0515625 0.0921875
8 0.35390625 0.934375 0.0859375 0.13125
3 0.4390625 0.87109375 0.1015625 0.2578125
3 0.384375 0.67578125 0.053125 0.0734375
3 0.37265625 0.26484375 0.0328125 0.08125
8 0.509375 0.2484375 0.090625 0.121875
8 0.5171875 0.79765625 0.075 0.2875
8 0.5953125 0.85859375 0.0875 0.1109375
3 0.3015625 0.1078125 0.06875 0.215625
3 0.5734375 0.1390625 0.0828125 0.1859375
3 0.5734375 0.26171875 0.08125 0.084375
3 0.68359375 0.08984375 0.084375 0.103125
3 0.7546875 0.39765625 0.153125 0.1890625
3 0.759375 0.25546875 0.0625 0.1640625
8 0.728125 0.859375 0.096875 0.134375
3 0.82734375 0.540625 0.0703125 0.1296875
3 0.8859375 0.29296875 0.05 0.1109375
3 0.8328125 0.33203125 0.065625 0.1671875
3 0.7796875 0.68046875 0.0625 0.3765625
8 0.61953125 0.3703125 0.059375 0.075
8 0.54375 0.05390625 0.0515625 0.1078125
8 0.696875 0.6109375 0.078125 0.153125