8 0.78203125 0.43515625 0.1390625 0.1765625
8 0.65234375 0.37109375 0.0875 0.1015625
8 0.228125 0.12578125 0.15 0.134375
8 0.32890625 0.17734375 0.1625 0.1828125
8 0.3328125 0.3796875 0.1453125 0.1609375
8 0.67578125 0.53203125 0.121875 0.1390625
8 0.7515625 0.6609375 0.1125 0.121875
8 0.43125 0.55390625 0.10625 0.13125
8 0.40859375 0.68984375 0.2078125 0.2171875
8 0.2203125 0.61484375 0.15 0.15625
8 0.1640625 0.6953125 0.15 0.175
8 0.2625 0.75625 0.20625 0.2453125
8 0.13671875 0.28046875 0.1703125 0.175
3 0.584375 0.42421875 0.146875 0.1703125
3 0.4140625 0.3734375 0.09375 0.0984375
3 0.4171875 0.465625 0.1 0.109375
3 0.44375 0.215625 0.1109375 0.1390625
3 0.6859375 0.59375 0.1703125 0.196875
3 0.496875 0.37109375 0.090625 0.1046875
3 0.57578125 0.49921875 0.103125 0.1203125
3 0.625 0.6046875 0.0953125 0.121875
3 0.5765625 0.04765625 0.165625 0.0953125
3 0.63359375 0.05546875 0.1921875 0.1109375
3 0.45859375 0.06015625 0.1671875 0.1203125
3 0.278125 0.5234375 0.1125 0.1125
3 0.52890625 0.7 0.1546875 0.190625
3 0.46484375 0.7828125 0.0890625 0.103125
3 0.12734375 0.36484375 0.1734375 0.1921875
3 0.03359375 0.39296875 0.0671875 0.1265625
3 0.0390625 0.540625 0.078125 0.140625