3 0.453125 0.28046875 0.1015625 0.13125
3 0.34921875 0.4203125 0.1515625 0.1921875
3 0.31875 0.6265625 0.0921875 0.1796875
3 0.66171875 0.7125 0.1 0.11875
3 0.590625 0.58046875 0.1015625 0.1421875
3 0.53203125 0.6640625 0.0796875 0.1
3 0.53671875 0.56640625 0.0453125 0.09375
3 0.68828125 0.89453125 0.0765625 0.1609375
3 0.734375 0.70078125 0.075 0.1078125
3 0.72890625 0.7671875 0.084375 0.0859375
8 0.76640625 0.8390625 0.1015625 0.14375
8 0.60625 0.4625 0.0828125 0.1203125
8 0.39609375 0.59140625 0.1203125 0.134375
3 0.38828125 0.7796875 0.0546875 0.084375
3 0.425 0.70703125 0.0484375 0.09375
3 0.55078125 0.340625 0.1171875 0.19375
8 0.5390625 0.4875 0.053125 0.1046875
8 0.29296875 0.5078125 0.1078125 0.1625