8 0.2046875 0.67421875 0.1265625 0.459375
8 0.26796875 0.29140625 0.1 0.146875
8 0.3453125 0.3578125 0.09375 0.1859375
8 0.45234375 0.63828125 0.1671875 0.25
8 0.5109375 0.87421875 0.1515625 0.246875
3 0.66328125 0.825 0.203125 0.2890625
3 0.56953125 0.70859375 0.11875 0.2546875
3 0.76953125 0.63203125 0.0703125 0.196875
3 0.7984375 0.8328125 0.059375 0.2078125
3 0.60546875 0.440625 0.171875 0.2734375
3 0.73515625 0.18046875 0.1375 0.1359375
8 0.94765625 0.4234375 0.096875 0.2859375
3 0.8640625 0.2421875 0.1359375 0.1328125
3 0.69140625 0.29375 0.078125 0.1328125
3 0.7203125 0.4234375 0.0484375 0.125