8 0.4671875 0.35859375 0.1421875 0.1734375
8 0.5046875 0.59140625 0.0890625 0.1078125
8 0.51875 0.3953125 0.140625 0.159375
8 0.66640625 0.41640625 0.171875 0.215625
8 0.71484375 0.52109375 0.14375 0.1625
8 0.56328125 0.690625 0.1421875 0.1625
8 0.565625 0.55078125 0.103125 0.11875
8 0.78671875 0.334375 0.196875 0.26875
8 0.73828125 0.33359375 0.0984375 0.121875
8 0.51953125 0.4640625 0.19375 0.246875
8 0.36328125 0.65 0.2921875 0.384375
8 0.2890625 0.5671875 0.175 0.23125
8 0.5890625 0.1109375 0.171875 0.2125
8 0.53984375 0.08984375 0.08125 0.1078125
8 0.44296875 0.1625 0.178125 0.2390625
8 0.2578125 0.33984375 0.14375 0.1640625
8 0.1703125 0.60078125 0.228125 0.3046875