8 0.5 0.13359375 0.1015625 0.1109375
8 0.56796875 0.1625 0.1 0.1296875
8 0.93359375 0.7671875 0.084375 0.0796875
8 0.71171875 0.5453125 0.096875 0.0921875
8 0.3265625 0.0921875 0.0625 0.0640625
8 0.3984375 0.39765625 0.1546875 0.2046875
8 0.609375 0.6859375 0.1265625 0.16875
8 0.54140625 0.50859375 0.0984375 0.1171875
8 0.4640625 0.51015625 0.084375 0.084375
8 0.72109375 0.8515625 0.059375 0.0609375
8 0.68515625 0.82890625 0.05 0.065625
8 0.61640625 0.8203125 0.121875 0.1375
8 0.515625 0.6359375 0.040625 0.05
8 0.484375 0.665625 0.0953125 0.125
8 0.4078125 0.50625 0.146875 0.1984375
8 0.32109375 0.5203125 0.203125 0.2625
8 0.46875 0.73359375 0.1109375 0.140625
8 0.42421875 0.721875 0.15625 0.2046875
8 0.43984375 0.65234375 0.0546875 0.059375
8 0.34296875 0.675 0.0703125 0.0828125
8 0.26640625 0.696875 0.11875 0.1171875
8 0.35703125 0.73515625 0.08125 0.0875
8 0.4234375 0.853125 0.140625 0.1609375
8 0.44609375 0.94296875 0.1515625 0.1140625
8 0.4703125 0.9515625 0.0875 0.096875
8 0.34453125 0.90234375 0.1328125 0.15625
8 0.01875 0.421875 0.0375 0.084375
8 0.1 0.459375 0.1109375 0.0984375
8 0.0390625 0.5578125 0.078125 0.16875
8 0.59296875 0.7515625 0.0875 0.1046875
8 0.89921875 0.6140625 0.084375 0.09375
8 0.709375 0.709375 0.1140625 0.109375
8 0.35234375 0.2875 0.103125 0.096875