3 0.51171875 0.72421875 0.121875 0.1375
3 0.375 0.615625 0.18125 0.203125
3 0.2921875 0.425 0.128125 0.175
3 0.6015625 0.25234375 0.1171875 0.128125
3 0.56640625 0.39921875 0.125 0.146875
3 0.4890625 0.3328125 0.0953125 0.10625
3 0.51796875 0.4265625 0.065625 0.090625
3 0.57890625 0.07421875 0.1109375 0.1484375
3 0.67421875 0.2453125 0.09375 0.1109375
3 0.6515625 0.1828125 0.0953125 0.0953125
8 0.66953125 0.103125 0.1265625 0.1484375
8 0.61171875 0.50859375 0.103125 0.1234375
8 0.37578125 0.43828125 0.1390625 0.1453125
3 0.31953125 0.25859375 0.0703125 0.0859375
3 0.37421875 0.31953125 0.06875 0.0921875
3 0.590625 0.640625 0.1546875 0.1953125
8 0.54140625 0.50234375 0.075 0.1015625
8 0.29765625 0.54609375 0.1359375 0.165625