8 0.05234375 0.4671875 0.1046875 0.15
8 0.15234375 0.3703125 0.1078125 0.115625
8 0.14140625 0.46796875 0.11875 0.1359375
8 0.11640625 0.6578125 0.1 0.128125
8 0.1453125 0.59140625 0.0890625 0.134375
8 0.19375 0.5921875 0.121875 0.1453125
8 0.275 0.60234375 0.0984375 0.153125
8 0.17109375 0.90546875 0.11875 0.1125
8 0.234375 0.96875 0.1125 0.0625
8 0.275 0.96484375 0.078125 0.0703125
8 0.36796875 0.85546875 0.125 0.134375
8 0.2828125 0.7765625 0.0828125 0.1125
8 0.41015625 0.94921875 0.1140625 0.1015625
8 0.0328125 0.28125 0.065625 0.075
8 0.17109375 0.26875 0.0953125 0.0984375
8 0.23671875 0.3890625 0.1015625 0.1046875
8 0.24921875 0.47890625 0.115625 0.13125
8 0.3390625 0.58671875 0.10625 0.1546875
8 0.52109375 0.93125 0.0984375 0.1375
8 0.459375 0.828125 0.0546875 0.06875
8 0.38359375 0.740625 0.1171875 0.1890625
8 0.31015625 0.34140625 0.109375 0.1515625
8 0.23828125 0.3078125 0.0828125 0.10625
8 0.24765625 0.19296875 0.0734375 0.0734375
8 0.43515625 0.61640625 0.134375 0.1984375
8 0.50234375 0.8375 0.1046875 0.1015625
8 0.5875 0.93203125 0.10625 0.1359375
8 0.6125 0.875 0.075 0.1140625
8 0.390625 0.496875 0.05625 0.078125
8 0.353125 0.2140625 0.1046875 0.0984375
8 0.39140625 0.3921875 0.0515625 0.0765625
8 0.5671875 0.43828125 0.1046875 0.153125
8 0.4859375 0.5296875 0.0984375 0.1359375
8 0.63828125 0.70625 0.1015625 0.159375
8 0.61328125 0.60390625 0.075 0.11875
8 0.63203125 0.565625 0.0765625 0.084375
8 0.63828125 0.3875 0.1015625 0.1390625
8 0.4875 0.04453125 0.109375 0.0890625
8 0.440625 0.04921875 0.059375 0.0984375
8 0.740625 0.50859375 0.103125 0.15
8 0.69296875 0.56015625 0.084375 0.1078125
8 0.73359375 0.41015625 0.0765625 0.09375
8 0.79921875 0.60703125 0.090625 0.125
8 0.82265625 0.68359375 0.08125 0.1046875
8 0.6265625 0.1796875 0.09375 0.1078125
8 0.86328125 0.32734375 0.0859375 0.0984375
8 0.82109375 0.3265625 0.0359375 0.0578125
3 0.66796875 0.05546875 0.0859375 0.0875
3 0.60390625 0.02578125 0.0515625 0.0515625
8 0.3109375 0.1796875 0.0640625 0.084375