8 0.078125 0.35625 0.1328125 0.196875
8 0.41796875 0.75703125 0.2796875 0.4375
8 0.03828125 0.6171875 0.0765625 0.153125
8 0.11953125 0.628125 0.1390625 0.19375
8 0.2515625 0.77109375 0.1484375 0.2546875
8 0.37734375 0.153125 0.13125 0.18125
8 0.21796875 0.2890625 0.1515625 0.175
8 0.54375 0.47421875 0.1515625 0.196875
8 0.7171875 0.35859375 0.1390625 0.1921875
8 0.94453125 0.5046875 0.1109375 0.31875
8 0.7875 0.8796875 0.1171875 0.221875
8 0.8640625 0.85703125 0.153125 0.1765625
8 0.69375 0.959375 0.134375 0.08125
8 0.45703125 0.46171875 0.16875 0.2703125