8 0.92578125 0.37578125 0.1484375 0.2015625
8 0.41953125 0.2421875 0.3203125 0.44375
8 0.83125 0.1234375 0.1390625 0.159375
8 0.73828125 0.1765625 0.1546875 0.1984375
8 0.79375 0.03046875 0.125 0.0609375
8 0.5484375 0.13515625 0.171875 0.25625
8 0.8 0.7140625 0.146875 0.1859375
8 0.85234375 0.5109375 0.1640625 0.184375
8 0.47890625 0.5453125 0.16875 0.2046875
8 0.403125 0.740625 0.15625 0.196875
8 0.11328125 0.76484375 0.1921875 0.3171875
8 0.05859375 0.3546875 0.1171875 0.221875
8 0.03984375 0.415625 0.0796875 0.184375
8 0.06484375 0.20390625 0.1296875 0.1609375
8 0.55703125 0.50625 0.19375 0.275