8 0.19296875 0.1796875 0.1078125 0.125
8 0.28671875 0.2046875 0.0703125 0.1859375
8 0.33046875 0.215625 0.08125 0.1484375
8 0.21328125 0.415625 0.053125 0.1234375
8 0.33671875 0.36015625 0.075 0.1453125
8 0.5515625 0.1640625 0.0703125 0.18125
8 0.4609375 0.1609375 0.06875 0.090625
8 0.42734375 0.165625 0.0515625 0.096875
8 0.4296875 0.30859375 0.090625 0.121875
8 0.40546875 0.40234375 0.0515625 0.1484375
8 0.47734375 0.45078125 0.0609375 0.16875
8 0.58671875 0.534375 0.0734375 0.2109375
8 0.409375 0.7265625 0.084375 0.14375
8 0.415625 0.79921875 0.0859375 0.078125
8 0.28046875 0.765625 0.0625 0.0796875
8 0.29609375 0.90390625 0.0640625 0.1921875
8 0.215625 0.80546875 0.05625 0.15625
8 0.57890625 0.875 0.06875 0.2109375
8 0.51796875 0.83125 0.0546875 0.1390625
8 0.34453125 0.10078125 0.0796875 0.08125
8 0.56171875 0.31640625 0.059375 0.1109375
8 0.51015625 0.32734375 0.0625 0.1
8 0.71640625 0.64375 0.05 0.171875
8 0.73359375 0.528125 0.0359375 0.1328125
8 0.77265625 0.4921875 0.0515625 0.0734375
8 0.753125 0.3765625 0.0703125 0.2078125
8 0.646875 0.11875 0.0734375 0.0515625
8 0.92734375 0.64375 0.0765625 0.1515625
8 0.91875 0.4734375 0.0578125 0.171875
8 0.95078125 0.37578125 0.0640625 0.0828125
8 0.60859375 0.23828125 0.0515625 0.096875
8 0.82734375 0.36796875 0.04375 0.165625