8 0.603125 0.39765625 0.0796875 0.159375
8 0.44765625 0.575 0.0515625 0.0984375
8 0.5390625 0.4015625 0.0890625 0.1390625
8 0.403125 0.34140625 0.0875 0.2046875
8 0.30625 0.40390625 0.0921875 0.140625
8 0.3453125 0.628125 0.0890625 0.1421875
8 0.41796875 0.5078125 0.0640625 0.103125
8 0.34453125 0.2078125 0.08125 0.271875
8 0.3859375 0.2328125 0.0515625 0.1140625
8 0.50234375 0.459375 0.096875 0.2359375
8 0.5359375 0.7 0.1359375 0.3765625
8 0.64375 0.66953125 0.0796875 0.228125
8 0.63046875 0.1234375 0.090625 0.1984375
8 0.68359375 0.13125 0.0359375 0.1078125
8 0.72734375 0.24375 0.078125 0.2375
8 0.790625 0.49296875 0.0890625 0.14375
8 0.7265625 0.76015625 0.1015625 0.3015625