8 0.75078125 0.64453125 0.075 0.1859375
8 0.69921875 0.509375 0.05625 0.0984375
8 0.55625 0.04375 0.140625 0.0875
8 0.59453125 0.146875 0.109375 0.175
8 0.46015625 0.2984375 0.103125 0.15
8 0.60703125 0.64375 0.0796875 0.134375
8 0.57421875 0.7890625 0.08125 0.1109375
8 0.41328125 0.49296875 0.0578125 0.1375
8 0.30390625 0.5765625 0.1609375 0.1890625
8 0.2171875 0.39375 0.115625 0.1375
8 0.12109375 0.4140625 0.09375 0.175
8 0.1515625 0.52578125 0.128125 0.24375
8 0.384375 0.09140625 0.1359375 0.1484375
3 0.61328125 0.50234375 0.096875 0.165625
3 0.5234375 0.3484375 0.071875 0.0859375
3 0.46328125 0.41796875 0.0703125 0.1015625
3 0.653125 0.25390625 0.0609375 0.1453125
3 0.571875 0.69453125 0.109375 0.19375
3 0.5859375 0.40390625 0.059375 0.1015625
3 0.55625 0.55078125 0.065625 0.11875
3 0.5203125 0.6625 0.05 0.128125
3 0.903125 0.18046875 0.0890625 0.2203125
3 0.946875 0.21796875 0.0984375 0.2609375
3 0.79375 0.12578125 0.1125 0.1796875
3 0.321875 0.365625 0.0921875 0.0921875
3 0.38515625 0.66640625 0.0859375 0.1984375
3 0.28125 0.6828125 0.05625 0.1015625
3 0.31953125 0.146875 0.1234375 0.178125
3 0.21171875 0.08515625 0.0984375 0.1078125
3 0.121875 0.203125 0.065625 0.1453125