8 0.2828125 0.62421875 0.1671875 0.203125
8 0.4484375 0.57265625 0.15 0.221875
8 0.4359375 0.2625 0.14375 0.15625
8 0.26328125 0.2359375 0.159375 0.1640625
8 0.3515625 0.07578125 0.115625 0.1515625
8 0.221875 0.40703125 0.084375 0.1765625
8 0.13203125 0.3640625 0.2046875 0.4515625
8 0.57578125 0.72734375 0.0875 0.1609375
8 0.64296875 0.56640625 0.0890625 0.125
8 0.66015625 0.57421875 0.0921875 0.1109375
8 0.67890625 0.2546875 0.109375 0.128125
8 0.68671875 0.10390625 0.1140625 0.1859375
8 0.725 0.3125 0.1078125 0.228125
8 0.7015625 0.47890625 0.1046875 0.121875
8 0.8203125 0.1484375 0.0703125 0.2046875
8 0.82109375 0.30390625 0.096875 0.121875
8 0.790625 0.434375 0.0578125 0.0734375
8 0.84609375 0.4953125 0.0640625 0.096875
8 0.66640625 0.66328125 0.0734375 0.0875
8 0.95625 0.25546875 0.0796875 0.1109375
8 0.96640625 0.39375 0.065625 0.1265625