8 0.14375 0.809375 0.14375 0.14375
8 0.3 0.8125 0.103125 0.1109375
8 0.2328125 0.74140625 0.1109375 0.1328125
8 0.0984375 0.6046875 0.0921875 0.125
8 0.16171875 0.640625 0.08125 0.134375
8 0.2 0.61015625 0.1140625 0.1421875
8 0.25859375 0.55390625 0.0875 0.153125
8 0.025 0.37421875 0.05 0.1078125
8 0.01328125 0.24453125 0.0265625 0.1578125
8 0.0359375 0.25703125 0.071875 0.0859375
8 0.18046875 0.29609375 0.1171875 0.1296875
8 0.16015625 0.409375 0.0765625 0.1109375
8 0.1578125 0.19375 0.109375 0.0984375
8 0.034375 0.1671875 0.06875 0.1125
8 0.25234375 0.96015625 0.0796875 0.0703125
8 0.3765625 0.8828125 0.090625 0.0953125
8 0.35625 0.746875 0.096875 0.1015625
8 0.3125 0.66796875 0.109375 0.128125
8 0.31953125 0.52734375 0.0953125 0.1546875
8 0.25546875 0.1390625 0.0890625 0.14375
8 0.2703125 0.26171875 0.05 0.06875
8 0.2625 0.378125 0.103125 0.1890625
8 0.44375 0.74140625 0.0984375 0.15
8 0.40625 0.8109375 0.0765625 0.1046875
8 0.4828125 0.89765625 0.0703125 0.0703125
8 0.378125 0.44609375 0.1203125 0.1984375
8 0.29921875 0.2296875 0.1 0.0984375
8 0.30859375 0.1 0.096875 0.1375
8 0.3640625 0.1328125 0.0671875 0.1140625
8 0.41484375 0.56796875 0.05 0.078125
8 0.5546875 0.81640625 0.1015625 0.09375
8 0.478125 0.6515625 0.046875 0.0765625
8 0.59140625 0.50859375 0.0953125 0.1515625
8 0.47109375 0.484375 0.090625 0.134375
8 0.48671875 0.2515625 0.0890625 0.159375
8 0.528125 0.34921875 0.065625 0.1203125
8 0.56640625 0.36796875 0.0734375 0.08125
8 0.678125 0.50625 0.0921875 0.1375
8 0.775 0.88515625 0.103125 0.1203125
8 0.7265625 0.89921875 0.0515625 0.109375
8 0.6875 0.34765625 0.0921875 0.1484375
8 0.61796875 0.3359375 0.078125 0.10625
8 0.740625 0.43125 0.071875 0.0921875
8 0.675 0.234375 0.0828125 0.1234375
8 0.646875 0.159375 0.075 0.103125
8 0.79375 0.6796875 0.0890625 0.1046875
8 0.89375 0.41953125 0.08125 0.096875
8 0.8609375 0.4453125 0.03125 0.0578125
3 0.9015625 0.75390625 0.08125 0.084375
3 0.875 0.825 0.046875 0.0734375
8 0.5421875 0.8703125 0.0578125 0.0828125