8 0.85 0.775 0.190625 0.1953125
8 0.32890625 0.70859375 0.4125 0.4234375
8 0.665625 0.9453125 0.1625 0.109375
8 0.6 0.8890625 0.1921875 0.1953125
8 0.4078125 0.85625 0.23125 0.2375
8 0.8578125 0.4140625 0.18125 0.184375
8 0.83125 0.621875 0.1890625 0.190625
8 0.49765625 0.45 0.2015625 0.2046875
8 0.5 0.240625 0.1921875 0.1953125
8 0.23984375 0.12578125 0.2734375 0.2515625
8 0.0609375 0.46484375 0.121875 0.2015625
8 0.0484375 0.38828125 0.096875 0.1921875
8 0.03125 0.6078125 0.0625 0.16875
8 0.55546875 0.51484375 0.253125 0.259375