8 0.90390625 0.96875 0.0515625 0.0625
8 0.77265625 0.084375 0.040625 0.03125
8 0.87890625 0.79375 0.0640625 0.090625
8 0.8734375 0.8890625 0.0296875 0.053125
8 0.72265625 0.06953125 0.0421875 0.05625
8 0.6046875 0.0578125 0.08125 0.1125
8 0.57421875 0.12421875 0.096875 0.0921875
8 0.74453125 0.33359375 0.0609375 0.05
8 0.44140625 0.0625 0.0328125 0.0640625
8 0.471875 0.1796875 0.0296875 0.0484375
8 0.39140625 0.0171875 0.0171875 0.034375
8 0.42734375 0.15390625 0.06875 0.0671875
8 0.40546875 0.2375 0.071875 0.14375
8 0.3140625 0.0515625 0.046875 0.103125
8 0.2765625 0.10234375 0.0609375 0.08125
8 0.26484375 0.1828125 0.065625 0.071875
8 0.22890625 0.34921875 0.0703125 0.059375
8 0.18671875 0.246875 0.0265625 0.0875
8 0.753125 0.78203125 0.0484375 0.103125
8 0.6296875 0.41015625 0.0421875 0.0859375