8 0.228125 0.58984375 0.2578125 0.4046875
8 0.2984375 0.94609375 0.171875 0.1078125
8 0.4984375 0.85 0.1796875 0.2796875
8 0.35390625 0.60078125 0.096875 0.190625
8 0.42109375 0.209375 0.09375 0.265625
8 0.60625 0.20859375 0.090625 0.1578125
8 0.6296875 0.47734375 0.0734375 0.1234375
3 0.8328125 0.41796875 0.14375 0.1671875
3 0.67734375 0.365625 0.134375 0.2671875
3 0.5296875 0.2578125 0.0875 0.20625
3 0.4765625 0.4953125 0.1671875 0.1890625
3 0.54609375 0.728125 0.1328125 0.271875
3 0.61015625 0.54609375 0.1078125 0.1234375
8 0.71875 0.5875 0.065625 0.0765625
3 0.92265625 0.15 0.1 0.259375
3 0.0703125 0.5078125 0.140625 0.49375