8 0.3921875 0.475 0.165625 0.1640625
8 0.6859375 0.253125 0.0984375 0.1515625
8 0.1890625 0.21953125 0.0921875 0.146875
8 0.259375 0.159375 0.0859375 0.115625
8 0.19609375 0.65625 0.1578125 0.3671875
8 0.11953125 0.72421875 0.0796875 0.1453125
8 0.2484375 0.54296875 0.034375 0.0578125
8 0.3625 0.37890625 0.04375 0.071875
8 0.48046875 0.85234375 0.125 0.2109375
8 0.57265625 0.87734375 0.1328125 0.2453125
8 0.5359375 0.44921875 0.1046875 0.1296875
8 0.50078125 0.315625 0.0546875 0.0796875
8 0.440625 0.19921875 0.103125 0.1015625
8 0.58359375 0.53515625 0.0734375 0.1515625
3 0.4234375 0.6375 0.1078125 0.1859375
8 0.71953125 0.6578125 0.05625 0.084375
8 0.71015625 0.42578125 0.0640625 0.1125
8 0.778125 0.259375 0.08125 0.10625
8 0.65078125 0.0515625 0.0609375 0.09375
8 0.59140625 0.1015625 0.0984375 0.1109375
8 0.46484375 0.0890625 0.078125 0.1359375
3 0.96484375 0.43359375 0.0703125 0.1171875