8 0.40625 0.896875 0.1828125 0.20625
8 0.5453125 0.7734375 0.10625 0.153125
8 0.365625 0.32890625 0.2171875 0.2546875
8 0.2140625 0.11640625 0.14375 0.2328125
8 0.12890625 0.37421875 0.096875 0.1203125
8 0.09453125 0.67734375 0.1890625 0.3265625
8 0.12265625 0.5265625 0.0703125 0.0703125
8 0.36640625 0.66640625 0.19375 0.2515625
8 0.665625 0.61328125 0.0953125 0.1734375
8 0.6796875 0.48515625 0.04375 0.1046875
8 0.89765625 0.72890625 0.1 0.15
8 0.94140625 0.553125 0.0875 0.2015625
8 0.77890625 0.5953125 0.1546875 0.16875
8 0.73046875 0.38671875 0.2 0.2234375
8 0.65078125 0.265625 0.065625 0.08125