1 0.1125 0.23046875 0.225 0.3484375
1 0.7203125 0.39140625 0.1203125 0.1296875
1 0.73359375 0.2609375 0.1515625 0.1859375
1 0.153125 0.81875 0.2515625 0.3453125
1 0.4484375 0.86171875 0.290625 0.2765625
1 0.59453125 0.52109375 0.2578125 0.334375
1 0.72578125 0.4578125 0.1046875 0.13125
1 0.1953125 0.66484375 0.121875 0.184375
1 0.2953125 0.56015625 0.140625 0.1609375
1 0.37578125 0.6265625 0.115625 0.1421875
1 0.37734375 0.75625 0.0734375 0.1671875
1 0.775 0.62890625 0.178125 0.2515625
1 0.5609375 0.7625 0.1265625 0.0859375
1 0.55390625 0.834375 0.1375 0.1703125
3 0.659375 0.71640625 0.05 0.0453125
1 0.5640625 0.69765625 0.0984375 0.071875
1 0.9421875 0.71171875 0.115625 0.3015625
1 0.83359375 0.8359375 0.0796875 0.128125
1 0.72890625 0.03203125 0.0640625 0.0640625
1 0.53046875 0.06875 0.1640625 0.1375
1 0.60703125 0.93828125 0.090625 0.1109375