1 0.390625 0.89453125 0.35625 0.2109375
1 0.73359375 0.42578125 0.1453125 0.15
1 0.834375 0.509375 0.1921875 0.2046875
1 0.09765625 0.5109375 0.1953125 0.36875
1 0.1984375 0.26171875 0.353125 0.3609375
1 0.553125 0.41875 0.3359375 0.3640625
1 0.69140625 0.3734375 0.134375 0.14375
1 0.16640625 0.59296875 0.16875 0.1921875
1 0.3109375 0.5984375 0.1734375 0.18125
1 0.32265625 0.4953125 0.146875 0.1578125
1 0.23359375 0.40078125 0.125 0.159375
1 0.60859375 0.21640625 0.240625 0.2671875
1 0.3609375 0.26875 0.1328125 0.1171875
1 0.30625 0.221875 0.1765625 0.1875
3 0.4640625 0.23359375 0.05625 0.0546875
1 0.40859375 0.31328125 0.1046875 0.0953125
1 0.6984375 0.08515625 0.26875 0.1703125
1 0.50546875 0.04609375 0.1140625 0.0921875
1 0.978125 0.68828125 0.04375 0.1015625
1 0.83046875 0.7984375 0.19375 0.19375
1 0.271875 0.11015625 0.115625 0.121875