1 0.21796875 0.36171875 0.4359375 0.4671875
1 0.24296875 0.7734375 0.3328125 0.328125
1 0.3765625 0.44296875 0.190625 0.1890625
1 0.721875 0.41796875 0.4015625 0.3984375
1 0.74921875 0.715625 0.44375 0.45
1 0.58828125 0.12734375 0.4109375 0.2546875
1 0.35390625 0.21796875 0.353125 0.371875
1 0.48515625 0.240625 0.1140625 0.1171875
1 0.58046875 0.3359375 0.1203125 0.1234375
1 0.57734375 0.55078125 0.2046875 0.209375
1 0.646875 0.85546875 0.3 0.2890625
1 0.5203125 0.5953125 0.078125 0.0796875
1 0.4 0.6578125 0.09375 0.0921875