1 0.703125 0.25859375 0.3296875 0.46875
1 0.84609375 0.6453125 0.3046875 0.2765625
1 0.58984375 0.39765625 0.1703125 0.1640625
1 0.2640625 0.51484375 0.3609375 0.34375
1 0.36015625 0.79609375 0.3734375 0.4078125
1 0.23515625 0.15390625 0.3546875 0.3078125
1 0.51796875 0.184375 0.2640625 0.36875
1 0.4078125 0.25703125 0.0953125 0.1078125
1 0.359375 0.3828125 0.096875 0.11875
1 0.45 0.578125 0.16875 0.19375
1 0.5125 0.87421875 0.246875 0.2515625
1 0.5203125 0.5953125 0.0625 0.0765625
1 0.65546875 0.60390625 0.0859375 0.0765625