7 0.75078125 0.65390625 0.0640625 0.1390625
7 0.83046875 0.6125 0.0546875 0.1296875
7 0.821875 0.48359375 0.0359375 0.1125
7 0.78828125 0.43203125 0.04375 0.1078125
7 0.6875 0.46796875 0.0984375 0.109375
7 0.73203125 0.29921875 0.0359375 0.1296875
7 0.6515625 0.56875 0.0859375 0.1546875
7 0.71640625 0.7546875 0.05625 0.084375
7 0.59765625 0.6328125 0.0671875 0.203125
7 0.590625 0.79375 0.0828125 0.1328125
7 0.66015625 0.890625 0.040625 0.0578125
7 0.6734375 0.95546875 0.0359375 0.06875
7 0.67890625 0.64453125 0.0453125 0.1046875
7 0.73671875 0.58828125 0.0328125 0.0546875
7 0.73359375 0.18359375 0.04375 0.05
7 0.6078125 0.9015625 0.0671875 0.0796875
7 0.69453125 0.98046875 0.0328125 0.0390625
7 0.6953125 0.8953125 0.0359375 0.0546875
7 0.53671875 0.59921875 0.04375 0.1
7 0.49140625 0.64921875 0.075 0.1421875
7 0.453125 0.5 0.0421875 0.0578125
7 0.45859375 0.91953125 0.0484375 0.1
7 0.4828125 0.88046875 0.0328125 0.0640625
7 0.56015625 0.87578125 0.03125 0.0609375