7 0.15390625 0.07109375 0.0453125 0.1421875
7 0.3203125 0.09765625 0.1 0.1953125
7 0.203125 0.3484375 0.1265625 0.3375
7 0.26796875 0.28125 0.0671875 0.271875
7 0.346875 0.2265625 0.1015625 0.2578125
7 0.43046875 0.76796875 0.0515625 0.1171875
7 0.47890625 0.58515625 0.0625 0.0984375
7 0.5203125 0.93125 0.09375 0.1375
7 0.5375 0.78359375 0.0359375 0.0890625
7 0.50546875 0.66953125 0.053125 0.0640625
7 0.553125 0.7265625 0.0703125 0.1265625
7 0.52421875 0.540625 0.046875 0.0703125
7 0.3109375 0.534375 0.0328125 0.0734375
7 0.5078125 0.28203125 0.0703125 0.1734375
7 0.48515625 0.1265625 0.0359375 0.121875
7 0.41875 0.1328125 0.0375 0.159375
7 0.37421875 0.09375 0.078125 0.1875
7 0.52890625 0.10390625 0.0265625 0.0640625
7 0.55 0.15390625 0.0359375 0.0625
7 0.5078125 0.06875 0.0203125 0.0421875
7 0.56875 0.24140625 0.0359375 0.0734375
7 0.6140625 0.1953125 0.05 0.146875
7 0.59765625 0.38671875 0.0515625 0.1765625
7 0.66796875 0.4578125 0.046875 0.1734375
7 0.65546875 0.5515625 0.0515625 0.053125
7 0.66015625 0.728125 0.0390625 0.0671875
7 0.67734375 0.89296875 0.04375 0.06875
7 0.625 0.8828125 0.0484375 0.08125
7 0.64375 0.9515625 0.05 0.096875
7 0.715625 0.7796875 0.0546875 0.1546875
7 0.69296875 0.82578125 0.0515625 0.034375
7 0.75546875 0.7125 0.046875 0.153125
7 0.75 0.56875 0.0359375 0.0796875
7 0.6375 0.27265625 0.0234375 0.0359375
7 0.61328125 0.528125 0.0453125 0.1109375
7 0.80625 0.6953125 0.046875 0.13125
7 0.809375 0.48515625 0.0234375 0.096875
7 0.9640625 0.83828125 0.028125 0.1359375
7 0.94453125 0.7625 0.0328125 0.096875
7 0.98828125 0.85234375 0.0234375 0.121875
7 0.4171875 0.53125 0.03125 0.0796875
7 0.28125 0.51015625 0.034375 0.0671875
7 0.115625 0.95 0.028125 0.0390625
7 0.09921875 0.98359375 0.0203125 0.0328125
7 0.0390625 0.97421875 0.0203125 0.0515625
7 0.14140625 0.7046875 0.053125 0.0640625
7 0.028125 0.040625 0.0453125 0.08125