7 0.64140625 0.4484375 0.0859375 0.1953125
7 0.66484375 0.58828125 0.0828125 0.146875
7 0.59921875 0.53515625 0.090625 0.109375
7 0.64375 0.73984375 0.078125 0.14375
7 0.74453125 0.6515625 0.046875 0.0828125
7 0.76875 0.59453125 0.075 0.065625
7 0.5609375 0.26640625 0.05 0.046875
7 0.4875 0.31171875 0.0359375 0.0578125
7 0.49453125 0.45078125 0.028125 0.053125
7 0.5109375 0.453125 0.0359375 0.04375
7 0.5484375 0.396875 0.0375 0.0578125
7 0.55625 0.63203125 0.059375 0.0875
7 0.61015625 0.7640625 0.0625 0.0890625
7 0.6953125 0.68671875 0.0375 0.05
7 0.340625 0.16484375 0.0703125 0.1484375
7 0.409375 0.28515625 0.034375 0.0765625
7 0.4234375 0.4046875 0.053125 0.090625
7 0.47421875 0.4953125 0.0609375 0.0890625
7 0.47734375 0.58984375 0.065625 0.0859375
7 0.49609375 0.66015625 0.0359375 0.053125
7 0.5109375 0.8578125 0.0421875 0.0765625
7 0.553125 0.8546875 0.0375 0.0609375
7 0.5 0.81015625 0.0765625 0.0890625
7 0.465625 0.65703125 0.0421875 0.04375
7 0.43203125 0.584375 0.0546875 0.075
7 0.22734375 0.0828125 0.115625 0.084375
7 0.2453125 0.42578125 0.1359375 0.1765625
7 0.29453125 0.64609375 0.090625 0.1515625
7 0.25 0.61796875 0.0640625 0.1234375
7 0.24765625 0.684375 0.05625 0.096875
7 0.16953125 0.57109375 0.1015625 0.1609375
7 0.16953125 0.38359375 0.0828125 0.0859375
7 0.1984375 0.42734375 0.115625 0.1671875
7 0.1265625 0.478125 0.0515625 0.071875
7 0.1140625 0.39453125 0.0453125 0.065625
7 0.13515625 0.27578125 0.090625 0.1515625
7 0.0890625 0.5109375 0.075 0.115625
7 0.12265625 0.66484375 0.059375 0.0890625
7 0.19765625 0.9 0.0734375 0.0875
7 0.02734375 0.45 0.0546875 0.0625
7 0.0765625 0.42578125 0.0671875 0.0546875
7 0.0734375 0.590625 0.0875 0.1015625
7 0.059375 0.6484375 0.11875 0.2125
7 0.10625 0.86328125 0.0671875 0.065625
7 0.20859375 0.77109375 0.065625 0.06875
7 0.19375 0.68984375 0.0515625 0.0765625