7 0.69296875 0.27890625 0.1265625 0.1546875
7 0.578125 0.20546875 0.0921875 0.0953125
7 0.540625 0.08828125 0.08125 0.084375
7 0.59765625 0.03984375 0.0765625 0.0796875
7 0.4921875 0.4515625 0.0828125 0.103125
7 0.4578125 0.36328125 0.090625 0.103125
7 0.640625 0.70703125 0.0890625 0.1015625
7 0.6875 0.6125 0.09375 0.1015625
7 0.78125 0.47578125 0.0953125 0.1
7 0.69453125 0.9609375 0.0671875 0.078125
7 0.43828125 0.9421875 0.1078125 0.115625
7 0.4984375 0.86796875 0.0875 0.1078125
7 0.78203125 0.625 0.1015625 0.125
7 0.81484375 0.67734375 0.0828125 0.103125
7 0.88203125 0.8 0.1015625 0.134375
7 0.8046875 0.86171875 0.0765625 0.075
7 0.703125 0.771875 0.078125 0.08125
7 0.93125 0.4609375 0.1171875 0.1515625
7 0.8578125 0.53046875 0.0765625 0.0921875
7 0.98046875 0.50625 0.0390625 0.078125
7 0.91328125 0.6015625 0.0875 0.0984375
7 0.78203125 0.55546875 0.0796875 0.1
7 0.64140625 0.234375 0.125 0.1515625
7 0.509375 0.1515625 0.078125 0.0859375
7 0.4890625 0.2890625 0.059375 0.0671875
7 0.29375 0.215625 0.1015625 0.128125
7 0.47421875 0.0484375 0.0890625 0.096875
7 0.4046875 0.06875 0.084375 0.0953125
7 0.38828125 0.16484375 0.09375 0.1109375
7 0.39296875 0.2546875 0.075 0.0796875
7 0.41640625 0.29765625 0.0578125 0.0609375
7 0.46796875 0.228125 0.0578125 0.0625
7 0.2484375 0.384375 0.065625 0.0796875
7 0.3203125 0.38046875 0.0984375 0.1109375
7 0.01640625 0.6421875 0.0328125 0.140625
7 0.09453125 0.6625 0.071875 0.08125
7 0.19296875 0.55703125 0.1125 0.1375
7 0.18046875 0.325 0.1 0.1328125
7 0.28984375 0.27734375 0.053125 0.0640625
7 0.22734375 0.34375 0.0859375 0.1078125
7 0.60625 0.08203125 0.0625 0.075