7 0.5828125 0.51640625 0.0984375 0.0984375
7 0.67421875 0.60078125 0.0765625 0.0765625
7 0.459375 0.38125 0.071875 0.071875
7 0.4671875 0.46328125 0.053125 0.053125
7 0.51796875 0.46875 0.0515625 0.0515625
7 0.6046875 0.49375 0.0609375 0.0609375
7 0.51640625 0.41015625 0.0421875 0.0421875
7 0.66484375 0.63671875 0.0734375 0.0734375
7 0.5875 0.56484375 0.0921875 0.0921875
7 0.61171875 0.63515625 0.0875 0.0875
7 0.78515625 0.7140625 0.0890625 0.0890625
7 0.60625 0.34453125 0.0828125 0.0828125
7 0.19375 0.4140625 0.0875 0.0875
7 0.14609375 0.3984375 0.06875 0.06875
7 0.796875 0.76484375 0.059375 0.059375