7 0.328125 0.8671875 0.1296875 0.1859375
7 0.47890625 0.8984375 0.1015625 0.15625
7 0.26796875 0.73984375 0.1078125 0.146875
7 0.19140625 0.84140625 0.0609375 0.09375
7 0.15078125 0.7171875 0.0734375 0.078125
7 0.071875 0.640625 0.0859375 0.1390625
7 0.0671875 0.4921875 0.0828125 0.128125
7 0.09375 0.4296875 0.1078125 0.1515625
7 0.0546875 0.21953125 0.0984375 0.128125
7 0.0828125 0.33046875 0.0921875 0.128125
7 0.10859375 0.23203125 0.1 0.1140625
7 0.0328125 0.31640625 0.065625 0.0984375
7 0.0109375 0.25390625 0.021875 0.1203125
7 0.13125 0.42890625 0.071875 0.0875
7 0.19609375 0.60546875 0.078125 0.0953125
7 0.24609375 0.52734375 0.096875 0.1234375
7 0.196875 0.4046875 0.10625 0.121875
7 0.19453125 0.33359375 0.084375 0.1015625
7 0.41875 0.959375 0.06875 0.08125
7 0.40390625 0.80859375 0.128125 0.1859375
7 0.265625 0.10625 0.0828125 0.1
7 0.371875 0.05625 0.08125 0.1
7 0.3484375 0.1984375 0.0828125 0.1046875
7 0.48984375 0.01015625 0.0578125 0.0203125
7 0.540625 0.03046875 0.10625 0.0609375
7 0.6625 0.1484375 0.0703125 0.0875
7 0.82109375 0.10390625 0.075 0.0984375
7 0.83046875 0.253125 0.075 0.09375
7 0.6765625 0.09453125 0.146875 0.1640625
7 0.91875 0.2875 0.071875 0.0625