7 0.38671875 0.5875 0.0859375 0.1984375
7 0.3484375 0.66796875 0.1 0.1609375
7 0.3453125 0.7765625 0.121875 0.1234375
7 0.30390625 0.58984375 0.0578125 0.1140625
7 0.23828125 0.6078125 0.0875 0.171875
7 0.16484375 0.66484375 0.0640625 0.1203125
7 0.19921875 0.790625 0.0453125 0.1203125
7 0.12421875 0.71640625 0.071875 0.1046875
7 0.24453125 0.82109375 0.0546875 0.1171875
7 0.33359375 0.93984375 0.0484375 0.1203125
7 0.36171875 0.0703125 0.0828125 0.1171875
7 0.35390625 0.1265625 0.04375 0.0484375
7 0.32734375 0.15625 0.1046875 0.1046875
7 0.28671875 0.2109375 0.096875 0.1234375
7 0.23828125 0.290625 0.0390625 0.065625
7 0.35234375 0.4203125 0.0921875 0.14375
7 0.31328125 0.325 0.0796875 0.0828125
7 0.26640625 0.3453125 0.04375 0.0609375
7 0.22890625 0.3484375 0.0421875 0.0625
7 0.059375 0.16484375 0.0484375 0.071875
7 0.0640625 0.225 0.04375 0.053125
7 0.1875 0.078125 0.05625 0.0546875
7 0.2109375 0.259375 0.0328125 0.0578125
7 0.13671875 0.2078125 0.0375 0.075
7 0.1390625 0.08984375 0.040625 0.0640625
7 0.240625 0.48359375 0.0625 0.0890625
7 0.45234375 0.59609375 0.0484375 0.1
7 0.48203125 0.5234375 0.078125 0.10625
7 0.45 0.44296875 0.0546875 0.0625
7 0.42890625 0.46953125 0.05625 0.1140625
7 0.36484375 0.3390625 0.0328125 0.0546875
7 0.4390625 0.31171875 0.0359375 0.0640625
7 0.41328125 0.3546875 0.03125 0.0515625
7 0.45234375 0.265625 0.0546875 0.1
7 0.40546875 0.08515625 0.065625 0.15625
7 0.45390625 0.059375 0.0390625 0.0625
7 0.55546875 0.671875 0.0453125 0.065625
7 0.7015625 0.50625 0.0546875 0.1140625
7 0.6296875 0.2703125 0.0390625 0.0890625
7 0.29375 0.73828125 0.0328125 0.0625
7 0.28203125 0.44609375 0.03125 0.05625