7 0.58203125 0.47890625 0.096875 0.1015625
7 0.66875 0.38984375 0.075 0.078125
7 0.465625 0.62109375 0.0703125 0.0734375
7 0.46875 0.53828125 0.0515625 0.053125
7 0.51953125 0.5296875 0.05 0.0515625
7 0.60546875 0.50078125 0.059375 0.0609375
7 0.52109375 0.58828125 0.040625 0.0421875
7 0.65703125 0.3546875 0.071875 0.075
7 0.58359375 0.43046875 0.0890625 0.09375
7 0.6046875 0.359375 0.0859375 0.0875
7 0.7734375 0.27109375 0.0859375 0.090625
7 0.6140625 0.65 0.08125 0.0859375
7 0.1984375 0.6015625 0.084375 0.0890625
7 0.15234375 0.6203125 0.0671875 0.0703125
7 0.7828125 0.21953125 0.0578125 0.0609375