7 0.284375 0.8984375 0.075 0.203125
7 0.20234375 0.68984375 0.090625 0.1953125
7 0.36015625 0.12109375 0.065625 0.1625
7 0.29765625 0.0765625 0.0609375 0.1140625
7 0.3078125 0.240625 0.06875 0.1890625
7 0.15703125 0.32421875 0.053125 0.1390625
7 0.0265625 0.26796875 0.0359375 0.1109375
7 0.1625 0.49453125 0.096875 0.103125
7 0.11640625 0.6640625 0.046875 0.1015625
7 0.0796875 0.73125 0.034375 0.1515625
7 0.0484375 0.58984375 0.0609375 0.1359375
7 0.1375 0.61640625 0.059375 0.125
7 0.0390625 0.50625 0.05625 0.11875
7 0.08359375 0.4234375 0.034375 0.103125
7 0.0625 0.68671875 0.03125 0.1328125
7 0.2046875 0.0453125 0.1140625 0.0890625
7 0.66640625 0.3609375 0.053125 0.2015625
7 0.77734375 0.1296875 0.05625 0.190625
7 0.9296875 0.775 0.0609375 0.096875
7 0.89140625 0.87109375 0.0390625 0.0625
7 0.9359375 0.94765625 0.053125 0.0734375
7 0.72421875 0.07421875 0.053125 0.14375
7 0.24453125 0.26796875 0.078125 0.2375