7 0.46796875 0.190625 0.109375 0.16875
7 0.48046875 0.234375 0.115625 0.1640625
7 0.49375 0.3046875 0.121875 0.175
7 0.284375 0.51953125 0.1015625 0.140625
7 0.32265625 0.66484375 0.10625 0.1390625
7 0.24609375 0.74609375 0.0828125 0.1015625
7 0.275 0.61640625 0.06875 0.090625
7 0.20703125 0.3703125 0.0625 0.0671875
7 0.2484375 0.29375 0.084375 0.11875
7 0.3140625 0.08359375 0.0859375 0.1125
7 0.190625 0.090625 0.090625 0.121875
7 0.20390625 0.11640625 0.0578125 0.0875
7 0.29921875 0.05546875 0.06875 0.0921875
7 0.38671875 0.0421875 0.1046875 0.084375
7 0.4390625 0.01015625 0.0875 0.0203125
7 0.34140625 0.103125 0.0859375 0.1125
7 0.36484375 0.17421875 0.0859375 0.121875
7 0.29453125 0.1640625 0.0703125 0.0671875
7 0.36484375 0.3265625 0.078125 0.1140625
7 0.33125 0.25390625 0.0578125 0.0765625
7 0.1359375 0.2625 0.0625 0.0921875
7 0.41171875 0.40078125 0.0921875 0.125
7 0.365625 0.38203125 0.0875 0.115625
7 0.29296875 0.384375 0.06875 0.1015625
7 0.41171875 0.259375 0.09375 0.1265625
7 0.421875 0.13203125 0.0984375 0.1328125
7 0.509375 0.35078125 0.1296875 0.18125
7 0.40390625 0.534375 0.0625 0.0765625
7 0.3109375 0.4 0.0421875 0.0546875
7 0.2203125 0.6078125 0.1046875 0.1328125
7 0.36484375 0.8 0.0921875 0.125
7 0.3953125 0.68359375 0.13125 0.19375
7 0.5046875 0.52421875 0.1015625 0.1375
7 0.56171875 0.5 0.0515625 0.0640625
7 0.67109375 0.3515625 0.159375 0.2390625
7 0.58359375 0.34765625 0.103125 0.1421875
7 0.6203125 0.259375 0.0671875 0.0734375
7 0.64296875 0.15 0.103125 0.1609375
7 0.653125 0.03828125 0.06875 0.0625
7 0.45078125 0.53828125 0.0453125 0.0609375
7 0.5953125 0.953125 0.1625 0.09375
7 0.76796875 0.9328125 0.1234375 0.134375
7 0.90625 0.68125 0.1671875 0.221875
3 0.94765625 0.23359375 0.1046875 0.1296875
7 0.60859375 0.6515625 0.08125 0.0890625
7 0.3546875 0.94453125 0.0828125 0.09375
7 0.07890625 0.78046875 0.1 0.121875
7 0.1703125 0.46875 0.0796875 0.1125
7 0.39140625 0.08359375 0.0546875 0.06875
7 0.2546875 0.8609375 0.0609375 0.084375
7 0.27734375 0.81328125 0.0515625 0.0640625
7 0.4546875 0.415625 0.0734375 0.0953125