7 0.3609375 0.4640625 0.1015625 0.2
7 0.2953125 0.4046875 0.1109375 0.1640625
7 0.24921875 0.30546875 0.1296875 0.13125
7 0.284375 0.49453125 0.065625 0.115625
7 0.2171875 0.503125 0.1 0.175
7 0.1265625 0.4796875 0.0734375 0.1234375
7 0.11015625 0.35 0.0546875 0.1203125
7 0.06953125 0.44765625 0.078125 0.1078125
7 0.13984375 0.30390625 0.0640625 0.11875
7 0.171875 0.153125 0.059375 0.1328125
7 0.540625 0.94453125 0.090625 0.1109375
7 0.5109375 0.90078125 0.046875 0.05
7 0.47578125 0.88359375 0.1109375 0.1109375
7 0.41640625 0.84921875 0.1046875 0.128125
7 0.340625 0.79453125 0.04375 0.0671875
7 0.3953125 0.63125 0.103125 0.1484375
7 0.396875 0.734375 0.084375 0.0875
7 0.3453125 0.73359375 0.0484375 0.0625
7 0.31015625 0.7453125 0.0453125 0.0640625
7 0.225 0.97109375 0.053125 0.0578125
7 0.20625 0.9234375 0.046875 0.05625
7 0.3765625 0.990625 0.059375 0.01875
7 0.328125 0.834375 0.0375 0.059375
7 0.2796875 0.9109375 0.04375 0.0765625
7 0.32734375 0.99296875 0.0453125 0.0140625
7 0.2671875 0.61640625 0.06875 0.0921875
7 0.41875 0.4296875 0.05625 0.1015625
7 0.475 0.48515625 0.0859375 0.109375
7 0.47578125 0.571875 0.0578125 0.065625
7 0.44609375 0.55625 0.0640625 0.115625
7 0.43828125 0.7015625 0.0375 0.05625
7 0.51796875 0.696875 0.040625 0.0640625
7 0.4765625 0.66796875 0.034375 0.053125
7 0.54765625 0.734375 0.0625 0.1015625
7 0.575 0.91875 0.078125 0.15625
7 0.6296875 0.9234375 0.04375 0.0640625
7 0.484375 0.3203125 0.05 0.0671875
7 0.68359375 0.415625 0.0640625 0.115625
7 0.709375 0.66015625 0.0453125 0.090625
7 0.2171875 0.3609375 0.0375 0.0640625
7 0.3203125 0.63515625 0.0359375 0.0578125