7 0.0390625 0.540625 0.078125 0.1125
7 0.01640625 0.584375 0.0328125 0.125
7 0.1203125 0.44765625 0.1609375 0.196875
7 0.1015625 0.52109375 0.1359375 0.134375
7 0.03125 0.37890625 0.0625 0.1296875
7 0.18828125 0.67578125 0.1390625 0.1328125
7 0.20859375 0.9328125 0.1171875 0.134375
7 0.4 0.7765625 0.2765625 0.2953125
7 0.50859375 0.92578125 0.1484375 0.1484375
7 0.57265625 0.88828125 0.15625 0.1859375
7 0.59921875 0.75859375 0.278125 0.3046875
7 0.65625 0.63984375 0.140625 0.146875
7 0.525 0.3296875 0.0984375 0.0984375
7 0.67265625 0.5203125 0.1453125 0.1984375
7 0.85390625 0.7984375 0.0953125 0.1046875
7 0.9453125 0.690625 0.109375 0.140625
7 0.859375 0.6703125 0.1015625 0.134375
7 0.8734375 0.59296875 0.0828125 0.0875
7 0.79140625 0.575 0.0984375 0.0953125
7 0.9625 0.6265625 0.075 0.125
7 0.94765625 0.51015625 0.1046875 0.1765625
7 0.959375 0.44921875 0.08125 0.1703125
7 0.984375 0.4359375 0.03125 0.1625
7 0.8375 0.4390625 0.0703125 0.0984375
7 0.70546875 0.42578125 0.18125 0.25
7 0.571875 0.24453125 0.18125 0.2484375
7 0.71171875 0.22421875 0.1375 0.1609375
7 0.759375 0.1859375 0.090625 0.0921875
7 0.73203125 0.3390625 0.159375 0.196875
7 0.8390625 0.4421875 0.0671875 0.09375
7 0.790625 0.45 0.0828125 0.0984375
7 0.81015625 0.3453125 0.084375 0.090625
7 0.90625 0.5921875 0.121875 0.146875
7 0.8140625 0.1828125 0.06875 0.09375
7 0.90078125 0.29296875 0.0734375 0.0921875
7 0.84453125 0.37421875 0.034375 0.0359375
7 0.88515625 0.425 0.0390625 0.0375
7 0.92578125 0.4203125 0.0390625 0.0421875
7 0.959375 0.3734375 0.0296875 0.0296875
7 0.78828125 0.10234375 0.0734375 0.08125
7 0.05390625 0.48984375 0.0609375 0.06875
7 0.0296875 0.3 0.059375 0.14375
7 0.87109375 0.3328125 0.0484375 0.0484375
7 0.60859375 0.22734375 0.0640625 0.078125
7 0.65234375 0.38515625 0.0578125 0.0796875
7 0.6875 0.48203125 0.115625 0.1765625