7 0.5984375 0.54453125 0.2609375 0.275
7 0.8015625 0.54140625 0.290625 0.3109375
7 0.71171875 0.7546875 0.1546875 0.209375
7 0.09453125 0.37109375 0.1703125 0.1984375
7 0.7109375 0.8390625 0.1875 0.225
7 0.3421875 0.80703125 0.2703125 0.2515625
7 0.20625 0.9046875 0.15 0.1703125
7 0.3 0.18046875 0.2078125 0.265625
7 0.45859375 0.06875 0.1453125 0.1375
7 0.61015625 0.6328125 0.1265625 0.1625
7 0.64296875 0.8625 0.0703125 0.084375
7 0.77734375 0.7203125 0.1609375 0.1953125
7 0.87734375 0.4296875 0.13125 0.1390625
7 0.93359375 0.4625 0.1328125 0.215625
7 0.96328125 0.43046875 0.0734375 0.1921875
7 0.3953125 0.52578125 0.11875 0.1171875
7 0.56328125 0.84765625 0.075 0.0828125
7 0.0140625 0.53515625 0.028125 0.2109375