7 0.1625 0.3328125 0.034375 0.0703125
7 0.1296875 0.3359375 0.03125 0.0640625
7 0.1125 0.4640625 0.053125 0.05625
7 0.0734375 0.55703125 0.0375 0.121875
7 0.26953125 0.7265625 0.0375 0.1
7 0.184375 0.87578125 0.0515625 0.15625
7 0.10859375 0.9359375 0.046875 0.090625
7 0.1046875 0.865625 0.0546875 0.06875
7 0.1453125 0.93203125 0.034375 0.09375
7 0.1359375 0.74453125 0.0484375 0.08125
7 0.21640625 0.78046875 0.0421875 0.084375
7 0.2390625 0.66796875 0.053125 0.125
7 0.3078125 0.7953125 0.06875 0.08125
7 0.18515625 0.63125 0.0359375 0.1
7 0.05859375 0.4734375 0.0453125 0.0796875
7 0.23828125 0.4984375 0.05625 0.065625
7 0.1421875 0.20625 0.021875 0.0625
7 0.32109375 0.52578125 0.05625 0.0859375
7 0.325 0.63125 0.0578125 0.090625
7 0.2921875 0.65703125 0.04375 0.05625
7 0.26015625 0.64609375 0.0328125 0.059375
7 0.3421875 0.0671875 0.06875 0.0796875
7 0.384375 0.228125 0.0515625 0.1296875
7 0.371875 0.3265625 0.0421875 0.103125
7 0.328125 0.2328125 0.0265625 0.0515625
7 0.31015625 0.70859375 0.046875 0.0734375
7 0.47578125 0.928125 0.0671875 0.14375
7 0.54765625 0.94140625 0.0640625 0.1171875
7 0.61640625 0.953125 0.0671875 0.08125
7 0.70546875 0.965625 0.0515625 0.06875
7 0.70546875 0.8796875 0.0328125 0.0546875
7 0.65625 0.83359375 0.0390625 0.0625
7 0.5734375 0.68984375 0.0390625 0.096875
7 0.55078125 0.65 0.0359375 0.071875
7 0.64765625 0.75234375 0.053125 0.0875
7 0.64765625 0.6828125 0.05 0.0484375
7 0.684375 0.740625 0.0390625 0.0796875
7 0.71640625 0.7921875 0.04375 0.05625
7 0.75859375 0.8203125 0.0515625 0.0671875
7 0.81015625 0.8890625 0.0515625 0.0984375
7 0.86953125 0.8046875 0.0515625 0.125
7 0.8390625 0.7484375 0.028125 0.0640625
7 0.825 0.63125 0.040625 0.071875
7 0.8609375 0.65703125 0.040625 0.1
7 0.78515625 0.45 0.0546875 0.128125
7 0.8265625 0.52890625 0.028125 0.0515625
7 0.90703125 0.65546875 0.0453125 0.15
7 0.8828125 0.58046875 0.03125 0.046875
7 0.81953125 0.315625 0.0453125 0.0734375
7 0.934375 0.25859375 0.059375 0.1546875
7 0.9296875 0.0796875 0.053125 0.1015625
7 0.84296875 0.04609375 0.025 0.0578125
7 0.878125 0.09296875 0.04375 0.0734375
7 0.76015625 0.66953125 0.0640625 0.0984375
7 0.803125 0.75390625 0.046875 0.1078125
7 0.74296875 0.88515625 0.0328125 0.1125
7 0.98359375 0.0421875 0.0328125 0.0375
7 0.72578125 0.0515625 0.03125 0.065625
7 0.6328125 0.06171875 0.0515625 0.1125
7 0.0921875 0.4015625 0.025 0.05
7 0.0578125 0.4328125 0.0265625 0.05625
7 0.078125 0.271875 0.0328125 0.0296875
7 0.0453125 0.0984375 0.0375 0.071875
7 0.2875 0.4203125 0.028125 0.0359375