7 0.65078125 0.75234375 0.1375 0.15
7 0.75625 0.665625 0.0953125 0.096875
7 0.87890625 0.66640625 0.084375 0.0859375
7 0.915625 0.7375 0.084375 0.0921875
7 0.5484375 0.5078125 0.090625 0.1
7 0.64375 0.50234375 0.096875 0.1015625
7 0.26015625 0.5703125 0.0953125 0.1
7 0.33515625 0.64375 0.0984375 0.1015625
7 0.4359375 0.775 0.1 0.1015625
7 0.01796875 0.54140625 0.0359375 0.0765625
7 0.0890625 0.30234375 0.11875 0.1296875
7 0.15 0.384375 0.0953125 0.103125
7 0.29375 0.7296875 0.1109375 0.1203125
7 0.234375 0.74453125 0.0921875 0.1
7 0.096875 0.7703125 0.1140625 0.128125
7 0.06171875 0.678125 0.078125 0.078125
7 0.17890625 0.609375 0.08125 0.08125
7 0.4046875 0.921875 0.13125 0.14375
7 0.36015625 0.83046875 0.0828125 0.0890625
7 0.3390625 0.96640625 0.078125 0.0671875
7 0.40546875 0.984375 0.1203125 0.03125
7 0.275 0.86171875 0.09375 0.096875
7 0.36015625 0.75078125 0.0875 0.0953125
7 0.709375 0.71640625 0.1359375 0.1453125
7 0.82890625 0.6171875 0.0828125 0.0859375
7 0.70390625 0.5546875 0.0640625 0.0671875
7 0.834375 0.39140625 0.1125 0.1234375
7 0.94296875 0.6171875 0.0984375 0.10625
7 0.9390625 0.5421875 0.0890625 0.09375
7 0.853125 0.496875 0.1015625 0.1078125
7 0.76640625 0.47421875 0.078125 0.0796875
7 0.71796875 0.4828125 0.0609375 0.0609375
7 0.76875 0.55390625 0.0609375 0.0625
7 0.68828125 0.29609375 0.071875 0.0765625
7 0.66953125 0.36640625 0.1046875 0.109375
7 0.4703125 0.0640625 0.0765625 0.08125
7 0.540625 0.190625 0.1234375 0.1328125
7 0.765625 0.25 0.1125 0.125
7 0.7765625 0.36875 0.0578125 0.0625
7 0.7328125 0.2890625 0.0953125 0.103125
7 0.86484375 0.73046875 0.0671875 0.0734375