7 0.96328125 0.49140625 0.0734375 0.1140625
7 0.9875 0.45078125 0.025 0.1265625
7 0.875 0.57890625 0.1515625 0.1984375
7 0.8984375 0.50625 0.1328125 0.13125
7 0.96484375 0.65390625 0.0703125 0.1296875
7 0.8234375 0.346875 0.1375 0.1296875
7 0.8203125 0.08046875 0.1109375 0.15
7 0.61875 0.23046875 0.2671875 0.2921875
7 0.521875 0.075 0.140625 0.15
7 0.4546875 0.1078125 0.15 0.1859375
7 0.41953125 0.23515625 0.26875 0.3015625
7 0.35390625 0.35 0.1359375 0.1453125
7 0.46328125 0.66875 0.0953125 0.096875
7 0.3296875 0.4671875 0.1359375 0.2015625
7 0.16796875 0.17734375 0.0921875 0.1046875
7 0.06640625 0.27890625 0.109375 0.140625
7 0.15390625 0.3046875 0.09375 0.1359375
7 0.134375 0.38125 0.0796875 0.0875
7 0.2140625 0.4046875 0.096875 0.0921875
7 0.040625 0.33984375 0.08125 0.1265625
7 0.05 0.45703125 0.1 0.1796875
7 0.0375 0.5171875 0.075 0.171875
7 0.0109375 0.52578125 0.021875 0.1671875
7 0.159375 0.5375 0.065625 0.1
7 0.28984375 0.56015625 0.1671875 0.2546875
7 0.41015625 0.75 0.16875 0.253125
7 0.26953125 0.76015625 0.1328125 0.1609375
7 0.21953125 0.7953125 0.0890625 0.090625
7 0.2578125 0.64453125 0.15 0.1984375
7 0.1578125 0.534375 0.0625 0.0953125
7 0.20703125 0.5296875 0.0796875 0.0984375
7 0.1796875 0.6328125 0.08125 0.090625
7 0.10078125 0.3796875 0.115625 0.146875
7 0.16484375 0.79453125 0.0640625 0.0953125
7 0.0859375 0.67890625 0.0703125 0.09375
7 0.14765625 0.6015625 0.034375 0.0359375
7 0.1109375 0.5484375 0.0375 0.0359375
7 0.06953125 0.55 0.0390625 0.040625
7 0.0328125 0.59375 0.028125 0.0296875
7 0.184375 0.8765625 0.071875 0.0796875
7 0.94453125 0.54140625 0.0578125 0.06875
7 0.96328125 0.73359375 0.0734375 0.1421875
7 0.11875 0.640625 0.046875 0.046875
7 0.37265625 0.76484375 0.0609375 0.078125
7 0.33984375 0.60390625 0.053125 0.08125
7 0.31171875 0.5046875 0.1046875 0.18125