7 0.61875 0.82890625 0.1046875 0.2234375
7 0.4328125 0.9359375 0.053125 0.128125
7 0.4875 0.97578125 0.06875 0.0484375
7 0.55859375 0.8546875 0.05 0.125
7 0.58359375 0.73203125 0.053125 0.078125
7 0.6421875 0.64609375 0.0390625 0.09375
7 0.55078125 0.6046875 0.0890625 0.1796875
7 0.53828125 0.9375 0.0484375 0.1015625
7 0.63203125 0.52734375 0.034375 0.0453125
7 0.59921875 0.565625 0.0265625 0.071875
7 0.6859375 0.5296875 0.0640625 0.0578125
7 0.73671875 0.9296875 0.075 0.1265625
7 0.78828125 0.73828125 0.0484375 0.0828125
7 0.84453125 0.9265625 0.053125 0.125
7 0.9015625 0.5796875 0.0484375 0.084375
7 0.825 0.78671875 0.1078125 0.1328125
7 0.95 0.8515625 0.028125 0.0359375
7 0.89609375 0.940625 0.04375 0.053125
7 0.9546875 0.7171875 0.0421875 0.0859375
7 0.96796875 0.5125 0.0640625 0.04375
7 0.95859375 0.3609375 0.075 0.0640625
7 0.22734375 0.95 0.0578125 0.1
7 0.2765625 0.92265625 0.071875 0.084375
7 0.46796875 0.8046875 0.046875 0.0921875
7 0.57109375 0.63203125 0.03125 0.065625
7 0.9515625 0.93125 0.04375 0.10625