7 0.403125 0.81875 0.1625 0.3625
7 0.1765625 0.88359375 0.153125 0.2328125
7 0.49609375 0.43046875 0.096875 0.10625
7 0.53046875 0.68125 0.19375 0.41875
7 0.75703125 0.22265625 0.121875 0.2640625
7 0.71171875 0.79453125 0.2078125 0.4109375
7 0.2203125 0.54609375 0.1875 0.296875
7 0.43984375 0.3890625 0.103125 0.1703125
7 0.890625 0.8 0.21875 0.4
7 0.85625 0.48203125 0.0703125 0.1109375
7 0.9140625 0.4578125 0.171875 0.353125
7 0.63203125 0.484375 0.0671875 0.16875
7 0.5671875 0.10625 0.10625 0.2125
7 0.21640625 0.19921875 0.1140625 0.3