7 0.42265625 0.21015625 0.1125 0.15625
7 0.48125 0.25078125 0.1140625 0.15625
7 0.7359375 0.1625 0.06875 0.0765625
7 0.76015625 0.240625 0.08125 0.109375
7 0.84296875 0.18515625 0.0828125 0.11875
7 0.5546875 0.25234375 0.0859375 0.09375
7 0.63359375 0.290625 0.075 0.0875
7 0.65234375 0.06953125 0.0796875 0.0984375
7 0.7046875 0.13046875 0.05625 0.0640625
7 0.609375 0.35703125 0.0703125 0.0734375
7 0.56875 0.42109375 0.0609375 0.0921875
7 0.63125 0.153125 0.05625 0.06875
7 0.66015625 0.21328125 0.053125 0.065625
7 0.690625 0.07265625 0.05625 0.071875
7 0.74765625 0.1265625 0.0375 0.0390625
7 0.834375 0.1328125 0.04375 0.0609375
7 0.746875 0.3578125 0.0765625 0.09375
7 0.67890625 0.4 0.0734375 0.10625
7 0.6921875 0.23125 0.06875 0.10625
7 0.76953125 0.09140625 0.05 0.046875
7 0.5296875 0.84140625 0.0609375 0.090625
7 0.58671875 0.8484375 0.075 0.10625
7 0.62734375 0.584375 0.0765625 0.1
7 0.6 0.65 0.0546875 0.0625
7 0.68828125 0.9296875 0.0515625 0.06875
7 0.2875 0.040625 0.096875 0.08125
7 0.19375 0.0234375 0.06875 0.046875
7 0.39296875 0.28203125 0.090625 0.128125
7 0.67734375 0.7734375 0.0921875 0.0953125