7 0.32109375 0.8 0.1453125 0.2359375
7 0.48203125 0.93671875 0.0765625 0.1265625
7 0.4203125 0.96875 0.075 0.0625
7 0.375 0.83671875 0.071875 0.1296875
7 0.3734375 0.71171875 0.0671875 0.0859375
7 0.3328125 0.61640625 0.0546875 0.0984375
7 0.43046875 0.59296875 0.1203125 0.190625
7 0.3796875 0.921875 0.065625 0.1078125
7 0.36484375 0.5015625 0.0421875 0.05
7 0.38984375 0.5453125 0.0390625 0.075
7 0.31171875 0.49375 0.0734375 0.06875
7 0.18515625 0.8765625 0.096875 0.1375
7 0.171875 0.67890625 0.0625 0.090625
7 0.08046875 0.853125 0.075 0.13125
7 0.090625 0.5015625 0.0625 0.090625
7 0.1265625 0.71953125 0.1296875 0.1484375
7 0.00390625 0.759375 0.0078125 0.040625
7 0.02734375 0.85703125 0.053125 0.059375
7 0.0203125 0.62578125 0.040625 0.0921875
7 0.0375 0.42265625 0.071875 0.05625
7 0.0765625 0.2765625 0.0859375 0.0765625
7 0.6796875 0.9703125 0.078125 0.059375
7 0.63828125 0.9546875 0.0859375 0.090625
7 0.4734375 0.8046875 0.0625 0.0984375
7 0.4046875 0.615625 0.0421875 0.0703125