7 0.38671875 0.56953125 0.0609375 0.15
7 0.4546875 0.58125 0.0609375 0.14375
7 0.46484375 0.31171875 0.0328125 0.096875
7 0.5421875 0.36484375 0.0484375 0.0859375
7 0.521875 0.5609375 0.059375 0.0703125
7 0.61015625 0.57109375 0.0453125 0.0703125
7 0.69296875 0.64296875 0.0375 0.1015625
7 0.61328125 0.6390625 0.0546875 0.05625
7 0.19453125 0.1765625 0.05625 0.0921875
7 0.11875 0.3203125 0.046875 0.096875
7 0.0578125 0.3015625 0.0390625 0.1015625
7 0.10078125 0.15234375 0.0609375 0.0734375
7 0.10625 0.45234375 0.040625 0.0828125
7 0.084375 0.553125 0.046875 0.1484375
7 0.01796875 0.6421875 0.0359375 0.13125
7 0.20390625 0.4546875 0.0671875 0.071875
7 0.15859375 0.38984375 0.0359375 0.1
7 0.17734375 0.321875 0.0484375 0.053125
7 0.1390625 0.30859375 0.0328125 0.0640625
7 0.20625 0.28515625 0.0609375 0.0875
7 0.2015625 0.3734375 0.046875 0.0703125
7 0.021875 0.425 0.04375 0.0890625
7 0.1453125 0.065625 0.03125 0.04375
7 0.75703125 0.39375 0.040625 0.1078125
7 0.703125 0.49296875 0.046875 0.1015625
7 0.653125 0.41953125 0.05 0.0640625
7 0.61015625 0.39921875 0.0390625 0.053125
7 0.7078125 0.23125 0.0328125 0.071875
7 0.7890625 0.25078125 0.0328125 0.140625
7 0.55390625 0.44609375 0.0359375 0.0609375
7 0.60234375 0.48671875 0.03125 0.059375
7 0.6015625 0.71171875 0.0265625 0.090625
7 0.4390625 0.278125 0.0359375 0.0734375
7 0.72578125 0.3484375 0.0234375 0.0640625
7 0.74765625 0.25859375 0.0328125 0.103125
7 0.65625 0.065625 0.040625 0.1015625