7 0.71015625 0.475 0.190625 0.1984375
7 0.72265625 0.61953125 0.203125 0.2140625
7 0.76640625 0.52734375 0.0640625 0.0640625
7 0.7890625 0.421875 0.14375 0.1484375
7 0.865625 0.29921875 0.1375 0.1453125
7 0.590625 0.4421875 0.0953125 0.1
7 0.796875 0.29921875 0.0859375 0.0890625
7 0.97421875 0.578125 0.0515625 0.090625
7 0.978125 0.6234375 0.04375 0.10625
7 0.96796875 0.49921875 0.0640625 0.1453125
7 0.8640625 0.70859375 0.090625 0.09375
7 0.45234375 0.9828125 0.0484375 0.034375
7 0.88984375 0.471875 0.109375 0.115625
7 0.95703125 0.45625 0.0609375 0.0609375
7 0.7359375 0.70859375 0.0921875 0.096875
7 0.91640625 0.3046875 0.05625 0.0578125
7 0.71875 0.54765625 0.1359375 0.1453125
7 0.6140625 0.659375 0.04375 0.0453125
7 0.5875 0.65625 0.046875 0.05
7 0.67734375 0.37265625 0.09375 0.1015625
7 0.7171875 0.396875 0.1 0.10625
7 0.77265625 0.271875 0.071875 0.0734375
7 0.67421875 0.3296875 0.0421875 0.04375
7 0.63984375 0.3453125 0.046875 0.0484375
7 0.475 0.60234375 0.0765625 0.078125
7 0.4109375 0.7234375 0.0765625 0.0796875
7 0.284375 0.78828125 0.0734375 0.075
7 0.30390625 0.7375 0.0828125 0.084375
7 0.41875 0.63671875 0.0625 0.0625
7 0.3796875 0.62734375 0.06875 0.0703125
7 0.5890625 0.38359375 0.05 0.053125
7 0.43671875 0.44765625 0.103125 0.1109375
7 0.11875 0.77265625 0.0640625 0.0671875
7 0.2140625 0.72109375 0.075 0.078125
7 0.2265625 0.67109375 0.05625 0.0578125
7 0.25859375 0.690625 0.0609375 0.0625
7 0.3515625 0.6796875 0.0609375 0.0640625
7 0.26015625 0.59296875 0.103125 0.109375
7 0.31484375 0.59296875 0.053125 0.0546875
7 0.0984375 0.7453125 0.0640625 0.0671875
7 0.8234375 0.15078125 0.0640625 0.0640625
7 0.75078125 0.12109375 0.109375 0.1125
7 0.68515625 0.08125 0.115625 0.121875
7 0.6265625 0.09921875 0.121875 0.13125
7 0.2671875 0.4953125 0.05625 0.0578125
7 0.27109375 0.53671875 0.0921875 0.096875
7 0.1921875 0.26875 0.078125 0.08125
7 0.0796875 0.50703125 0.1078125 0.1109375
7 0.11796875 0.4421875 0.0609375 0.0609375
7 0.1453125 0.48203125 0.05 0.0515625
7 0.065625 0.36484375 0.0859375 0.0890625
7 0.07578125 0.32734375 0.1203125 0.125
7 0.4984375 0.45625 0.0828125 0.0875
7 0.3875 0.51015625 0.065625 0.065625
7 0.52109375 0.55234375 0.040625 0.0421875
7 0.85078125 0.7578125 0.071875 0.075
7 0.834375 0.79296875 0.090625 0.09375
7 0.71875 0.7796875 0.0734375 0.078125
7 0.984375 0.34453125 0.03125 0.0734375
7 0.9234375 0.38359375 0.053125 0.0546875
7 0.91796875 0.23671875 0.0671875 0.0671875
7 0.8703125 0.35234375 0.0453125 0.046875