7 0.50625 0.6078125 0.275 0.2796875
7 0.43046875 0.79609375 0.3078125 0.3140625
7 0.66171875 0.78828125 0.1796875 0.196875
7 0.525 0.0859375 0.1875 0.171875
7 0.74140625 0.81875 0.2078125 0.2203125
7 0.84296875 0.46328125 0.2734375 0.2671875
7 0.95078125 0.3703125 0.0984375 0.16875
7 0.27265625 0.19921875 0.2359375 0.2546875
7 0.09140625 0.3 0.1640625 0.175
7 0.584375 0.65078125 0.14375 0.1546875
7 0.7875 0.76328125 0.078125 0.0828125
7 0.60625 0.83828125 0.1796875 0.190625
7 0.29921875 0.8265625 0.1390625 0.140625
7 0.303125 0.90234375 0.190625 0.1953125
7 0.26015625 0.92265625 0.1546875 0.1546875
7 0.56171875 0.41171875 0.1234375 0.121875
7 0.8015625 0.68359375 0.0796875 0.0828125
7 0.725 0.053125 0.165625 0.10625