7 0.21171875 0.55859375 0.090625 0.1453125
7 0.15078125 0.49296875 0.078125 0.134375
7 0.203125 0.37421875 0.0578125 0.1140625
7 0.25234375 0.3375 0.0640625 0.1109375
7 0.334375 0.40546875 0.1171875 0.125
7 0.35078125 0.23203125 0.0609375 0.13125
7 0.33359375 0.5125 0.1140625 0.165625
7 0.209375 0.665625 0.071875 0.0921875
7 0.3625 0.59140625 0.10625 0.20625
7 0.3140625 0.7453125 0.10625 0.1421875
7 0.21640625 0.8125 0.0515625 0.0625
7 0.18125 0.86875 0.05 0.0734375
7 0.2828125 0.575 0.065625 0.109375
7 0.24765625 0.50234375 0.0421875 0.059375
7 0.3890625 0.12265625 0.0515625 0.05625
7 0.2609375 0.840625 0.08125 0.090625
7 0.15 0.8921875 0.0421875 0.0578125
7 0.18125 0.8046875 0.0453125 0.059375
7 0.43125 0.58046875 0.0625 0.1046875
7 0.45703125 0.64296875 0.1015625 0.15
7 0.54453125 0.515625 0.053125 0.0640625
7 0.3953125 0.9078125 0.0671875 0.1046875
7 0.3859375 0.86328125 0.04375 0.0671875
7 0.315625 0.83203125 0.0421875 0.0640625