7 0.53515625 0.15234375 0.140625 0.234375
7 0.32890625 0.09140625 0.075 0.1375
7 0.3734375 0.040625 0.075 0.0609375
7 0.47109375 0.1421875 0.0703125 0.1296875
7 0.525 0.25390625 0.065625 0.084375
7 0.60234375 0.32421875 0.053125 0.096875
7 0.5234375 0.3859375 0.1171875 0.190625
7 0.43125 0.06640625 0.0640625 0.1078125
7 0.621875 0.44140625 0.0421875 0.05
7 0.58046875 0.4125 0.0390625 0.075
7 0.6734375 0.4265625 0.071875 0.0671875
7 0.62578125 0.046875 0.0953125 0.09375
7 0.721875 0.19921875 0.0609375 0.0890625
7 0.73046875 0.034375 0.0734375 0.06875
7 0.8703125 0.32578125 0.0609375 0.090625
7 0.74609375 0.14375 0.128125 0.146875
7 0.8515625 0.05 0.0328125 0.040625
7 0.8890625 0.1796875 0.05625 0.0921875
7 0.9515625 0.37421875 0.071875 0.0546875
7 0.96796875 0.5234375 0.0640625 0.075
7 0.12578125 0.1234375 0.0765625 0.1171875
7 0.18046875 0.14375 0.084375 0.0953125
7 0.3953125 0.2125 0.0609375 0.0984375
7 0.53671875 0.3546875 0.0421875 0.06875
7 0.83359375 0.01328125 0.0609375 0.0265625