7 0.5625 0.29765625 0.153125 0.2109375
7 0.7 0.3453125 0.159375 0.23125
7 0.63359375 0.26796875 0.05625 0.0640625
7 0.54609375 0.20390625 0.1203125 0.153125
7 0.465625 0.084375 0.1046875 0.159375
7 0.484375 0.39296875 0.0796875 0.103125
7 0.43671875 0.14765625 0.071875 0.0921875
7 0.771875 0.08125 0.0734375 0.09375
7 0.8015625 0.0234375 0.06875 0.046875
7 0.81953125 0.08671875 0.084375 0.1109375
7 0.703125 0.05859375 0.10625 0.1171875
7 0.83828125 0.2515625 0.0734375 0.0984375
7 0.928125 0.74296875 0.04375 0.046875
7 0.94609375 0.80625 0.053125 0.0609375
7 0.6328125 0.13203125 0.084375 0.1265625
7 0.64609375 0.06484375 0.05625 0.0578125
7 0.78671875 0.36875 0.071875 0.103125
7 0.49140625 0.040625 0.0453125 0.0609375
7 0.6328125 0.31953125 0.1 0.1625
7 0.6921875 0.4609375 0.0359375 0.0484375
7 0.678125 0.48359375 0.0375 0.053125
7 0.45546875 0.28671875 0.0703125 0.1125
7 0.49375 0.26015625 0.0734375 0.1171875
7 0.40234375 0.15859375 0.059375 0.0765625
7 0.415625 0.271875 0.034375 0.046875
7 0.415625 0.309375 0.040625 0.0484375
7 0.58359375 0.56484375 0.065625 0.0765625
7 0.66796875 0.671875 0.0625 0.0828125
7 0.67578125 0.8140625 0.0625 0.0765625
7 0.6375 0.77578125 0.075 0.08125
7 0.5921875 0.6296875 0.0546875 0.0609375
7 0.56796875 0.66171875 0.059375 0.0703125
7 0.4296875 0.37109375 0.040625 0.05625
7 0.4265625 0.5359375 0.078125 0.121875
7 0.59453125 0.959375 0.0515625 0.071875
7 0.58515625 0.85078125 0.0609375 0.0828125
7 0.54453125 0.81953125 0.05 0.05625
7 0.57578125 0.7984375 0.0515625 0.0640625
7 0.60390625 0.70859375 0.05 0.06875
7 0.48671875 0.75703125 0.08125 0.1171875
7 0.509375 0.70703125 0.0453125 0.0546875
7 0.56015625 0.965625 0.0515625 0.06875
7 0.31328125 0.0625 0.059375 0.0625
7 0.25625 0.1171875 0.0921875 0.115625
7 0.19296875 0.16015625 0.0921875 0.1296875
7 0.18515625 0.22109375 0.084375 0.1515625
7 0.40078125 0.7109375 0.046875 0.0609375
7 0.440625 0.72421875 0.0703125 0.10625
7 0.16328125 0.6875 0.0625 0.0859375
7 0.33515625 0.8875 0.0921875 0.1125
7 0.29140625 0.825 0.0578125 0.05625
7 0.3390625 0.8171875 0.040625 0.0546875
7 0.2 0.8421875 0.06875 0.0953125
7 0.1703125 0.8171875 0.1 0.1296875
7 0.459375 0.48359375 0.0640625 0.0953125
7 0.46328125 0.60703125 0.0640625 0.059375
7 0.55625 0.50234375 0.0328125 0.04375
7 0.87890625 0.284375 0.0578125 0.0796875
7 0.90390625 0.31328125 0.071875 0.1
7 0.84453125 0.4140625 0.0578125 0.0828125
7 0.565625 0.06640625 0.0453125 0.0546875
7 0.4296875 0.021875 0.0625 0.04375
7 0.515625 0.1015625 0.040625 0.0453125