7 0.44609375 0.19375 0.1 0.171875
7 0.46171875 0.23671875 0.1078125 0.165625
7 0.4796875 0.30546875 0.1109375 0.1765625
7 0.2859375 0.534375 0.09375 0.1421875
7 0.33515625 0.67734375 0.0984375 0.140625
7 0.2640625 0.76328125 0.078125 0.1015625
7 0.28359375 0.63203125 0.065625 0.090625
7 0.1984375 0.39140625 0.059375 0.0671875
7 0.23515625 0.31171875 0.078125 0.1203125
7 0.2859375 0.09765625 0.0796875 0.1125
7 0.1625 0.11328125 0.0859375 0.1234375
7 0.178125 0.1375 0.053125 0.0890625
7 0.26875 0.0703125 0.0640625 0.0921875
7 0.353125 0.046875 0.1 0.09375
7 0.4015625 0.0125 0.084375 0.025
7 0.3140625 0.115625 0.08125 0.1125
7 0.34296875 0.184375 0.0796875 0.1234375
7 0.271875 0.1796875 0.06875 0.0640625
7 0.353125 0.3359375 0.071875 0.115625
7 0.3140625 0.265625 0.0546875 0.078125
7 0.1203125 0.28828125 0.0578125 0.09375
7 0.40546875 0.40703125 0.0859375 0.1265625
7 0.3578125 0.39140625 0.0828125 0.115625
7 0.2859375 0.39921875 0.0625 0.103125
7 0.3953125 0.26640625 0.0875 0.128125
7 0.396875 0.13828125 0.090625 0.134375
7 0.49921875 0.35078125 0.1203125 0.1828125
7 0.40625 0.54140625 0.059375 0.0765625
7 0.30390625 0.41328125 0.040625 0.0546875
7 0.22890625 0.62734375 0.0984375 0.134375
7 0.3859375 0.80859375 0.0859375 0.125
7 0.40859375 0.68984375 0.1203125 0.196875
7 0.50625 0.52421875 0.0953125 0.1390625
7 0.56171875 0.49609375 0.0484375 0.0640625
7 0.66015625 0.33984375 0.1453125 0.24375
7 0.57265625 0.34140625 0.0953125 0.14375
7 0.603125 0.2515625 0.065625 0.071875
7 0.61796875 0.14140625 0.09375 0.165625
7 0.61953125 0.02890625 0.0671875 0.0578125
7 0.453125 0.54140625 0.0421875 0.0609375
7 0.63125 0.9484375 0.153125 0.103125
7 0.79921875 0.921875 0.1140625 0.15625
7 0.91796875 0.65234375 0.15625 0.2234375
3 0.9390625 0.203125 0.121875 0.128125
7 0.61875 0.64375 0.078125 0.0875
7 0.3859375 0.95390625 0.078125 0.0921875
7 0.1 0.809375 0.09375 0.121875
7 0.16953125 0.4921875 0.0734375 0.1140625
7 0.3625 0.0921875 0.0515625 0.0703125
7 0.28046875 0.87734375 0.05625 0.0859375
7 0.3 0.828125 0.0484375 0.0640625
7 0.4484375 0.41875 0.06875 0.0953125