7 0.35078125 0.48359375 0.046875 0.190625
7 0.36171875 0.62578125 0.05625 0.140625
7 0.41171875 0.5578125 0.0734375 0.096875
7 0.41875 0.7671875 0.0515625 0.1375
7 0.3 0.70625 0.03125 0.078125
7 0.26171875 0.65625 0.065625 0.0546875
7 0.384375 0.28828125 0.0421875 0.0390625
7 0.46640625 0.31484375 0.0265625 0.053125
7 0.49375 0.45078125 0.01875 0.05
7 0.478125 0.45703125 0.028125 0.0390625
7 0.428125 0.41171875 0.028125 0.053125
7 0.47734375 0.6421875 0.04375 0.0796875
7 0.45703125 0.7828125 0.046875 0.08125
7 0.35546875 0.728125 0.0296875 0.0453125
7 0.5734375 0.1359375 0.0421875 0.14375
7 0.5359375 0.26953125 0.0203125 0.075
7 0.5515625 0.3890625 0.0359375 0.084375
7 0.52421875 0.4890625 0.0453125 0.08125
7 0.54375 0.58203125 0.05 0.078125
7 0.5421875 0.6546875 0.028125 0.0484375
7 0.57578125 0.84921875 0.028125 0.071875
7 0.534375 0.85703125 0.0265625 0.05625
7 0.575 0.80078125 0.0625 0.078125
7 0.57109375 0.64375 0.034375 0.0375
7 0.5859375 0.565625 0.040625 0.0671875
7 0.66328125 0.03046875 0.1046875 0.0609375
7 0.72890625 0.36640625 0.10625 0.159375
7 0.734375 0.5921875 0.0625 0.14375
7 0.77109375 0.55390625 0.040625 0.11875
7 0.78984375 0.61796875 0.0375 0.0921875
7 0.83828125 0.48828125 0.0734375 0.15
7 0.79296875 0.30703125 0.0703125 0.0734375
7 0.775 0.35703125 0.0859375 0.153125
7 0.85703125 0.38828125 0.0390625 0.065625
7 0.84921875 0.30390625 0.034375 0.059375
7 0.79921875 0.19375 0.0625 0.1421875
7 0.9015625 0.4109375 0.0546875 0.1078125
7 0.90625 0.56875 0.04375 0.08125
7 0.88984375 0.81484375 0.059375 0.078125
7 0.953125 0.3359375 0.0609375 0.0515625
7 0.89296875 0.325 0.059375 0.04375
7 0.9359375 0.484375 0.0703125 0.0890625
7 0.96171875 0.53671875 0.0765625 0.2015625
7 0.9703125 0.7578125 0.0578125 0.0546875
7 0.84765625 0.6921875 0.05625 0.059375
7 0.84375 0.61015625 0.0390625 0.0703125