7 0.09609375 0.534375 0.1515625 0.1796875
7 0.14453125 0.68125 0.121875 0.15
7 0.17578125 0.41875 0.1234375 0.14375
7 0.05 0.403125 0.0734375 0.0890625
7 0.13671875 0.30625 0.078125 0.08125
7 0.1640625 0.19921875 0.1046875 0.13125
7 0.28984375 0.12109375 0.0984375 0.121875
7 0.3578125 0.11328125 0.125 0.146875
7 0.51953125 0.01875 0.1109375 0.0375
7 0.4375 0.0578125 0.10625 0.115625
7 0.5359375 0.0421875 0.109375 0.084375
7 0.4234375 0.02421875 0.084375 0.0484375
7 0.37734375 0.1453125 0.0796875 0.0875
7 0.25625 0.2890625 0.0859375 0.0953125
7 0.35 0.29375 0.109375 0.121875
7 0.43046875 0.18984375 0.115625 0.1234375
7 0.49140625 0.15234375 0.09375 0.1015625
7 0.0546875 0.66328125 0.078125 0.0921875
7 0.18515625 0.57109375 0.1484375 0.178125
7 0.72421875 0.1 0.090625 0.1
7 0.8203125 0.1671875 0.090625 0.1
7 0.68515625 0.21796875 0.09375 0.103125
7 0.93984375 0.23515625 0.0640625 0.0703125
7 0.94921875 0.28359375 0.1015625 0.1328125
7 0.8859375 0.46484375 0.078125 0.0875
7 0.98046875 0.5796875 0.0390625 0.096875
7 0.87890625 0.6625 0.0828125 0.0921875
7 0.9296875 0.44921875 0.140625 0.1671875
7 0.89375 0.75625 0.071875 0.0671875