7 0.6453125 0.22578125 0.05 0.1765625
7 0.61796875 0.26171875 0.0625 0.165625
7 0.5796875 0.32109375 0.0625 0.178125
7 0.69296875 0.59921875 0.05625 0.140625
7 0.60234375 0.71953125 0.0640625 0.1359375
7 0.64296875 0.8234375 0.0546875 0.09375
7 0.66484375 0.6921875 0.0421875 0.0875
7 0.8203125 0.48984375 0.046875 0.059375
7 0.81015625 0.403125 0.0453125 0.11875
7 0.828125 0.18359375 0.0515625 0.109375
7 0.940625 0.2359375 0.053125 0.1203125
7 0.91796875 0.2546875 0.0265625 0.090625
7 0.85234375 0.1625 0.040625 0.0890625
7 0.78359375 0.09921875 0.071875 0.1171875
7 0.83359375 0.04765625 0.0484375 0.0953125
7 0.7546875 0.0375 0.065625 0.075
7 0.79609375 0.19140625 0.0515625 0.109375
7 0.746875 0.2484375 0.0453125 0.1234375
7 0.81640625 0.265625 0.059375 0.0515625
7 0.690625 0.38984375 0.0390625 0.1171875
7 0.74921875 0.33515625 0.034375 0.0765625
7 0.9265625 0.415625 0.03125 0.09375
7 0.61875 0.44140625 0.053125 0.1234375
7 0.66875 0.440625 0.053125 0.1109375
7 0.73515625 0.4703125 0.034375 0.1046875
7 0.671875 0.31015625 0.053125 0.125
7 0.71015625 0.18828125 0.05625 0.13125
7 0.546875 0.35859375 0.0703125 0.18125
7 0.5765625 0.56796875 0.040625 0.071875
7 0.71328125 0.478125 0.0265625 0.0515625
7 0.71875 0.7046875 0.065625 0.128125
7 0.51328125 0.82890625 0.053125 0.1234375
7 0.528125 0.709375 0.0640625 0.2
7 0.48671875 0.52109375 0.059375 0.1359375
7 0.44296875 0.47734375 0.0328125 0.0609375
7 0.396875 0.29765625 0.0765625 0.2484375
7 0.4796875 0.32734375 0.0578125 0.140625
7 0.47890625 0.23203125 0.0515625 0.0625
7 0.4984375 0.12265625 0.0453125 0.1703125
7 0.53046875 0.01875 0.0609375 0.0375
7 0.53125 0.55390625 0.0265625 0.059375
7 0.21953125 0.91796875 0.1015625 0.1640625
7 0.13046875 0.9796875 0.0828125 0.040625
7 0.08125 0.82109375 0.0625 0.1828125
7 0.05546875 0.51640625 0.0984375 0.215625
3 0.17421875 0.08203125 0.0984375 0.109375
7 0.3421875 0.6 0.0609375 0.078125
7 0.4671875 0.9625 0.059375 0.075
7 0.78515625 0.91796875 0.065625 0.1140625
7 0.8171875 0.59453125 0.0421875 0.1140625
7 0.75703125 0.1546875 0.0359375 0.065625
7 0.80859375 0.02265625 0.0359375 0.0453125
7 0.5921875 0.9265625 0.0328125 0.084375
7 0.5890625 0.87421875 0.0328125 0.0609375
7 0.5734375 0.4390625 0.04375 0.0921875