7 0.6796875 0.26015625 0.0640625 0.146875
7 0.6109375 0.27578125 0.0671875 0.1453125
7 0.4078125 0.09921875 0.05 0.0640625
7 0.35625 0.16171875 0.046875 0.1015625
7 0.3 0.0796875 0.0453125 0.1125
7 0.5421875 0.25 0.0640625 0.078125
7 0.4546875 0.25625 0.0515625 0.075
7 0.5203125 0.04375 0.0515625 0.0875
7 0.4484375 0.08046875 0.0390625 0.0546875
7 0.4515625 0.3265625 0.053125 0.059375
7 0.46640625 0.40078125 0.0296875 0.090625
7 0.5078125 0.12890625 0.0375 0.0609375
7 0.45859375 0.17421875 0.0328125 0.059375
7 0.48359375 0.03203125 0.0359375 0.0640625
7 0.41015625 0.0609375 0.0296875 0.03125
7 0.32734375 0.03359375 0.025 0.0578125
7 0.32421875 0.27578125 0.05 0.0828125
7 0.371875 0.340625 0.0390625 0.1015625
7 0.42265625 0.17890625 0.0328125 0.1046875
7 0.403125 0.0203125 0.040625 0.0359375
7 0.34453125 0.80546875 0.03125 0.0875
7 0.2890625 0.790625 0.040625 0.1015625
7 0.35 0.53046875 0.046875 0.090625
7 0.35078125 0.6015625 0.0390625 0.053125
7 0.11875 0.92109375 0.0609375 0.090625
7 0.171875 0.93515625 0.0421875 0.059375
7 0.1640625 0.82734375 0.0296875 0.0640625
7 0.921875 0.0765625 0.040625 0.1078125
7 0.871875 0.1453125 0.075 0.0796875
7 0.971875 0.14765625 0.0359375 0.096875
7 0.68125 0.33828125 0.05 0.121875
7 0.8734375 0.0625 0.0515625 0.0796875
7 0.9015625 0.01640625 0.05625 0.0328125
7 0.96015625 0.03984375 0.0484375 0.0796875
7 0.2328125 0.68671875 0.0703125 0.075