7 0.7 0.43125 0.1671875 0.209375
7 0.7421875 0.5703125 0.175 0.228125
7 0.76640625 0.471875 0.059375 0.065625
7 0.76640625 0.36328125 0.1296875 0.153125
7 0.815625 0.228125 0.1171875 0.15625
7 0.57734375 0.42421875 0.0859375 0.103125
7 0.7484375 0.2421875 0.0765625 0.0921875
7 0.9796875 0.4734375 0.040625 0.09375
7 0.98828125 0.51484375 0.0234375 0.1109375
7 0.96640625 0.39375 0.0671875 0.15625
7 0.9 0.628125 0.0796875 0.0984375
7 0.55390625 0.98203125 0.0453125 0.0359375
7 0.87578125 0.39140625 0.09375 0.125
7 0.9796875 0.2703125 0.040625 0.10625
7 0.9375 0.3625 0.059375 0.059375
7 0.77421875 0.6546875 0.0796875 0.103125
7 0.86640625 0.22265625 0.05 0.0609375
7 0.72421875 0.5015625 0.1125 0.1578125
7 0.64453125 0.63203125 0.0390625 0.0484375
7 0.61796875 0.63515625 0.040625 0.053125
7 0.646875 0.33828125 0.078125 0.109375
7 0.690625 0.35390625 0.0828125 0.115625
7 0.71875 0.2203125 0.0640625 0.0765625
7 0.63515625 0.29765625 0.0375 0.0453125
7 0.6046875 0.31953125 0.0421875 0.0484375
7 0.496875 0.60546875 0.0703125 0.078125
7 0.459375 0.7375 0.0671875 0.0828125
7 0.34921875 0.82734375 0.065625 0.0765625
7 0.3578125 0.7734375 0.078125 0.084375
7 0.44921875 0.65078125 0.0578125 0.0625
7 0.409375 0.64921875 0.0625 0.071875
7 0.56328125 0.36796875 0.0453125 0.05625
7 0.42734375 0.46171875 0.0875 0.11875
7 0.18359375 0.84609375 0.05625 0.0703125
7 0.26640625 0.77578125 0.0671875 0.0828125
7 0.26796875 0.72421875 0.0515625 0.0578125
7 0.303125 0.73671875 0.05625 0.0640625
7 0.3921875 0.70703125 0.0546875 0.0671875
7 0.284375 0.640625 0.0890625 0.115625
7 0.3375 0.62890625 0.0484375 0.0546875
7 0.15859375 0.8234375 0.05625 0.0703125
7 0.74375 0.09140625 0.0609375 0.0640625
7 0.66640625 0.07734375 0.1 0.115625
7 0.59453125 0.0578125 0.1015625 0.115625
7 0.540625 0.08125 0.0984375 0.1453125
7 0.27109375 0.54375 0.05 0.0609375
7 0.28359375 0.58359375 0.078125 0.1046875
7 0.15078125 0.33828125 0.06875 0.0859375
7 0.08984375 0.59453125 0.0984375 0.1125
7 0.1140625 0.52265625 0.059375 0.059375
7 0.14921875 0.55625 0.04375 0.0546875
7 0.046875 0.45859375 0.075 0.09375
7 0.0515625 0.41953125 0.103125 0.1296875
7 0.4890625 0.4578125 0.0703125 0.09375
7 0.39140625 0.5328125 0.065625 0.0625
7 0.53125 0.546875 0.0359375 0.04375
7 0.896875 0.6796875 0.0640625 0.0796875
7 0.88828125 0.7171875 0.078125 0.1
7 0.771875 0.728125 0.0640625 0.0828125
7 0.9609375 0.24375 0.0640625 0.0765625
7 0.88984375 0.2984375 0.0484375 0.05625
7 0.85390625 0.15546875 0.0640625 0.065625
7 0.83203125 0.278125 0.0421875 0.046875