7 0.21796875 0.41640625 0.0796875 0.14375
7 0.1515625 0.47734375 0.06875 0.1328125
7 0.19296875 0.59921875 0.05 0.1140625
7 0.2390625 0.640625 0.0546875 0.1109375
7 0.3265625 0.5796875 0.1109375 0.11875
7 0.328125 0.75390625 0.0515625 0.13125
7 0.3359375 0.4734375 0.103125 0.1609375
7 0.225 0.31015625 0.065625 0.0890625
7 0.37109375 0.396875 0.090625 0.20625
7 0.33671875 0.23984375 0.096875 0.1390625
7 0.24453125 0.1640625 0.046875 0.0609375
7 0.21484375 0.1046875 0.04375 0.071875
7 0.28984375 0.40625 0.0578125 0.1078125
7 0.2484375 0.47578125 0.0390625 0.0578125
7 0.35625 0.86640625 0.0484375 0.0546875
7 0.29140625 0.13984375 0.0765625 0.0859375
7 0.1859375 0.07890625 0.0390625 0.05625
7 0.20859375 0.16875 0.0421875 0.0578125
7 0.4390625 0.4140625 0.0546875 0.103125
7 0.4703125 0.35390625 0.090625 0.146875
7 0.5453125 0.48828125 0.0484375 0.0609375
7 0.43125 0.084375 0.059375 0.103125
7 0.41796875 0.128125 0.0390625 0.065625
7 0.3453125 0.153125 0.0375 0.0625