7 0.6203125 0.42265625 0.0703125 0.1953125
7 0.665625 0.34609375 0.0875 0.1546875
7 0.678125 0.2375 0.1140625 0.115625
7 0.703125 0.428125 0.0484375 0.1125
7 0.76953125 0.415625 0.0734375 0.16875
7 0.8484375 0.36484375 0.0546875 0.1171875
7 0.825 0.23671875 0.0359375 0.11875
7 0.89296875 0.3171875 0.0640625 0.1
7 0.78203125 0.20234375 0.0453125 0.1140625
7 0.7046875 0.06875 0.0375 0.1328125
7 0.60078125 0.93984375 0.075 0.1125
7 0.61328125 0.884375 0.040625 0.0453125
7 0.64140625 0.85703125 0.0984375 0.096875
7 0.6875 0.80625 0.0875 0.1171875
7 0.7421875 0.73125 0.034375 0.0640625
7 0.640625 0.5921875 0.08125 0.1390625
7 0.67109375 0.690625 0.075 0.0765625
7 0.71875 0.67421875 0.0390625 0.0578125
7 0.75625 0.675 0.0375 0.059375
7 0.91015625 0.87265625 0.0421875 0.0703125
7 0.91015625 0.81171875 0.040625 0.0515625
7 0.775 0.94765625 0.053125 0.05
7 0.76640625 0.76484375 0.028125 0.05625
7 0.83671875 0.82265625 0.0328125 0.0734375
7 0.8234375 0.93984375 0.0359375 0.0625
7 0.75703125 0.5390625 0.05625 0.0859375
7 0.55546875 0.40859375 0.040625 0.0984375
7 0.51953125 0.478125 0.0703125 0.1015625
7 0.5453125 0.5609375 0.05 0.059375
7 0.56796875 0.53671875 0.046875 0.1125
7 0.62109375 0.67265625 0.028125 0.053125
7 0.54375 0.69296875 0.03125 0.0625
7 0.57421875 0.65234375 0.0265625 0.05
7 0.5265625 0.7375 0.046875 0.096875
7 0.5578125 0.92109375 0.053125 0.153125
7 0.5078125 0.94296875 0.034375 0.0609375
7 0.459375 0.32421875 0.040625 0.0625
7 0.29921875 0.4765625 0.0453125 0.1125
7 0.35078125 0.7171875 0.03125 0.0890625
7 0.72578125 0.28046875 0.028125 0.0609375
7 0.7125 0.57265625 0.0265625 0.0546875