7 0.35859375 0.55078125 0.125 0.1890625
7 0.43046875 0.6734375 0.1109375 0.1484375
7 0.44609375 0.590625 0.10625 0.1171875
7 0.54375 0.77578125 0.10625 0.14375
7 0.41015625 0.77265625 0.0625 0.0828125
7 0.3546875 0.7453125 0.08125 0.0765625
7 0.303125 0.36015625 0.0546875 0.053125
7 0.38828125 0.3484375 0.046875 0.059375
7 0.47265625 0.45859375 0.0390625 0.053125
7 0.46171875 0.47109375 0.0421875 0.046875
7 0.396875 0.4515625 0.0484375 0.059375
7 0.5421875 0.6375 0.0734375 0.090625
7 0.5859375 0.77265625 0.078125 0.0921875
7 0.4703125 0.76875 0.0453125 0.053125
7 0.40625 0.140625 0.1 0.1453125
7 0.43125 0.27734375 0.05 0.075
7 0.49765625 0.37734375 0.0703125 0.090625
7 0.5171875 0.4796875 0.0765625 0.0921875
7 0.575 0.5546875 0.0796875 0.090625
7 0.60625 0.6203125 0.0453125 0.0546875
7 0.72109375 0.78125 0.05625 0.0765625
7 0.6875 0.80625 0.0484375 0.0609375
7 0.69921875 0.7375 0.0890625 0.096875
7 0.62734375 0.5984375 0.046875 0.0484375
7 0.60625 0.52109375 0.065625 0.078125
7 0.440625 0.028125 0.121875 0.05625
7 0.646875 0.2796875 0.1625 0.1875
7 0.75078125 0.4796875 0.11875 0.1546875
7 0.7671875 0.4296875 0.0890625 0.1234375
7 0.81171875 0.47890625 0.0734375 0.0984375
7 0.79921875 0.34140625 0.1296875 0.1640625
7 0.67890625 0.1984375 0.09375 0.0953125
7 0.684375 0.25078125 0.14375 0.1734375
7 0.771875 0.24296875 0.0625 0.075
7 0.728125 0.17109375 0.05625 0.06875
7 0.63515625 0.09375 0.1171875 0.153125
7 0.821875 0.24375 0.0953125 0.11875
7 0.8953125 0.38359375 0.075 0.0921875
7 0.97265625 0.6125 0.0546875 0.09375
7 0.8359375 0.15390625 0.0765625 0.071875
7 0.7765625 0.1703125 0.071875 0.065625
7 0.88515625 0.2953125 0.1015625 0.109375
7 0.9265625 0.3296875 0.146875 0.2125
7 0.896875 0.5203125 0.075 0.0765625
7 0.85703125 0.4484375 0.065625 0.0796875