7 0.25703125 0.1046875 0.021875 0.059375
7 0.2625 0.24921875 0.034375 0.0828125
7 0.209375 0.265625 0.0328125 0.0734375
7 0.2265625 0.165625 0.0328125 0.0609375
7 0.228125 0.11171875 0.034375 0.0828125
7 0.1703125 0.24296875 0.028125 0.0640625
7 0.32421875 0.01796875 0.0390625 0.0359375
7 0.34140625 0.44453125 0.05625 0.0859375
7 0.40625 0.52578125 0.0515625 0.0796875
7 0.371875 0.61328125 0.0453125 0.11875
7 0.3546875 0.56796875 0.0328125 0.0859375
7 0.40625 0.4734375 0.0390625 0.1078125
7 0.51640625 0.3578125 0.01875 0.0984375
7 0.4140625 0.946875 0.05 0.10625
7 0.3984375 0.8375 0.059375 0.0484375
7 0.46875 0.8890625 0.046875 0.084375
7 0.4671875 0.825 0.0359375 0.0390625
7 0.4359375 0.76171875 0.0171875 0.040625
7 0.4890625 0.75625 0.04375 0.14375
7 0.44765625 0.6921875 0.028125 0.03125
7 0.4859375 0.55234375 0.04375 0.1328125
7 0.4859375 0.671875 0.0296875 0.115625
7 0.58671875 0.5203125 0.0234375 0.109375
7 0.61953125 0.484375 0.0359375 0.1
7 0.56796875 0.6328125 0.0328125 0.0671875
7 0.571875 0.7171875 0.040625 0.09375
7 0.5421875 0.62890625 0.028125 0.103125
7 0.5390625 0.71484375 0.03125 0.1078125
7 0.52421875 0.7875 0.028125 0.084375
7 0.57421875 0.7984375 0.0578125 0.1296875
7 0.609375 0.61953125 0.0421875 0.11875
7 0.56328125 0.46640625 0.0265625 0.1359375
7 0.68125 0.31484375 0.03125 0.121875
7 0.6671875 0.453125 0.059375 0.134375
7 0.63046875 0.71328125 0.04375 0.1671875
7 0.65546875 0.71328125 0.04375 0.221875
7 0.646875 0.93203125 0.0359375 0.1359375
7 0.696875 0.646875 0.046875 0.16875
7 0.74609375 0.6890625 0.040625 0.090625
7 0.70859375 0.06875 0.065625 0.1375
7 0.78984375 0.228125 0.1203125 0.215625
7 0.80703125 0.603125 0.05 0.1421875
7 0.75546875 0.5796875 0.034375 0.1171875
7 0.76953125 0.83984375 0.034375 0.15
7 0.803125 0.490625 0.0421875 0.071875
7 0.8640625 0.47265625 0.109375 0.1265625
7 0.83359375 0.1875 0.034375 0.1328125
7 0.9375 0.34296875 0.0390625 0.1171875
7 0.95625 0.634375 0.0734375 0.2203125
7 0.86953125 0.62109375 0.0578125 0.13125
7 0.9765625 0.5015625 0.046875 0.23125
7 0.98046875 0.20859375 0.0328125 0.075
7 0.88984375 0.2078125 0.065625 0.0796875
7 0.946875 0.2109375 0.0359375 0.071875
7 0.76328125 0.0703125 0.0265625 0.0875
7 0.64765625 0.25078125 0.046875 0.0890625
7 0.50078125 0.2875 0.03125 0.06875
7 0.665625 0.15 0.065625 0.1140625
7 0.73671875 0.4984375 0.04375 0.078125
7 0.72109375 0.94765625 0.046875 0.0953125