7 0.171875 0.7375 0.071875 0.18125
7 0.28828125 0.83828125 0.0515625 0.15625
7 0.18046875 0.59765625 0.065625 0.1390625
7 0.0640625 0.64921875 0.03125 0.0921875
7 0.0890625 0.5203125 0.05625 0.065625
7 0.05703125 0.41484375 0.040625 0.1421875
7 0.125 0.28359375 0.040625 0.1296875
7 0.17890625 0.2421875 0.0609375 0.146875
7 0.2453125 0.04921875 0.0625 0.0984375
7 0.2171875 0.15 0.053125 0.1234375
7 0.2875 0.07578125 0.0734375 0.0984375
7 0.17734375 0.1109375 0.046875 0.0921875
7 0.16328125 0.0453125 0.0484375 0.090625
7 0.2125 0.259375 0.05 0.078125
7 0.1828125 0.4453125 0.053125 0.0859375
7 0.26484375 0.40078125 0.0625 0.1140625
7 0.28125 0.2703125 0.0765625 0.10625
7 0.3140625 0.20625 0.059375 0.090625
7 0.20234375 0.86953125 0.0390625 0.090625
7 0.26640625 0.7234375 0.0703125 0.18125
7 0.4859375 0.04296875 0.05625 0.0859375
7 0.603125 0.05 0.0546875 0.090625
7 0.51328125 0.1625 0.05625 0.0953125
7 0.740625 0.04609375 0.040625 0.0640625
7 0.78203125 0.078125 0.0703125 0.1234375
7 0.88125 0.08671875 0.0609375 0.125
7 0.8125 0.27109375 0.046875 0.0796875
7 0.9734375 0.309375 0.046875 0.0921875
7 0.90859375 0.44375 0.05 0.084375
7 0.85078125 0.23046875 0.109375 0.140625
7 0.92265625 0.08359375 0.046875 0.0578125
7 0.96875 0.51640625 0.0625 0.0453125