7 0.8 0.271875 0.046875 0.075
7 0.83203125 0.26796875 0.0421875 0.06875
7 0.8734375 0.390625 0.0625 0.0640625
7 0.92890625 0.47421875 0.059375 0.125
7 0.76875 0.678125 0.05625 0.103125
7 0.88125 0.80859375 0.0796875 0.1609375
7 0.9671875 0.853125 0.0625 0.096875
7 0.9578125 0.78359375 0.065625 0.0765625
7 0.93046875 0.85625 0.05 0.096875
7 0.90390625 0.6703125 0.0625 0.0875
7 0.83203125 0.721875 0.05625 0.0890625
7 0.78828125 0.61484375 0.075 0.1296875
7 0.7453125 0.753125 0.08125 0.090625
7 0.834375 0.56875 0.053125 0.103125
7 0.928125 0.38984375 0.059375 0.084375
7 0.75703125 0.4484375 0.0671875 0.075
7 0.7953125 0.14296875 0.0328125 0.0640625
7 0.68046875 0.49140625 0.0703125 0.09375
7 0.696875 0.5953125 0.0734375 0.0984375
7 0.73359375 0.61484375 0.053125 0.0625
7 0.76328125 0.59765625 0.04375 0.0640625
7 0.57265625 0.04453125 0.08125 0.0890625
7 0.56171875 0.2109375 0.075 0.1359375
7 0.5921875 0.30546875 0.0609375 0.1078125
7 0.61796875 0.2046875 0.034375 0.0546875
7 0.7265625 0.66796875 0.059375 0.0796875
7 0.6046875 0.91640625 0.0921875 0.1515625
7 0.53671875 0.93984375 0.0859375 0.1203125
7 0.47109375 0.96015625 0.0796875 0.0796875
7 0.3875 0.97890625 0.065625 0.0421875
7 0.37109375 0.9125 0.0421875 0.059375
7 0.41015625 0.85703125 0.05 0.0671875
7 0.4640625 0.70078125 0.05625 0.1
7 0.47890625 0.65703125 0.0484375 0.0765625
7 0.403125 0.7765625 0.06875 0.09375
7 0.38984375 0.7078125 0.0578125 0.05625
7 0.36484375 0.77109375 0.053125 0.0828125
7 0.34375 0.828125 0.053125 0.0625
7 0.30703125 0.8640625 0.0625 0.0734375
7 0.26953125 0.94140625 0.06875 0.1046875
7 0.1953125 0.86953125 0.0734375 0.1296875
7 0.21484375 0.80859375 0.0390625 0.0671875
7 0.20625 0.690625 0.053125 0.0765625
7 0.17578125 0.7234375 0.059375 0.1046875
7 0.2109375 0.50546875 0.0765625 0.1328125
7 0.18515625 0.590625 0.0359375 0.0546875
7 0.1296875 0.7296875 0.071875 0.1515625
7 0.1390625 0.6515625 0.0390625 0.0515625
7 0.1515625 0.3796875 0.0578125 0.0796875
7 0.03515625 0.3453125 0.0703125 0.159375
7 0.01640625 0.16953125 0.0328125 0.1078125
7 0.0765625 0.1203125 0.0359375 0.0609375
7 0.05078125 0.17265625 0.05625 0.078125
7 0.2765625 0.715625 0.0796875 0.1078125
7 0.2515625 0.80703125 0.065625 0.1125
7 0.33515625 0.92421875 0.053125 0.115625
7 0.1921875 0.103125 0.0421875 0.0703125
7 0.28671875 0.0953125 0.0703125 0.11875
7 0.88125 0.325 0.034375 0.053125
7 0.921875 0.35 0.0375 0.059375
7 0.87109375 0.19609375 0.0375 0.034375
7 0.86875 0.028125 0.05 0.05625
7 0.69296875 0.38125 0.0328125 0.040625