7 0.83515625 0.8234375 0.0671875 0.115625
7 0.89921875 0.83046875 0.06875 0.1296875
7 0.709375 0.82109375 0.1359375 0.196875
7 0.77734375 0.78671875 0.1265625 0.125
7 0.7328125 0.94453125 0.103125 0.1109375
7 0.83671875 0.6203125 0.1328125 0.1203125
7 0.98671875 0.4296875 0.0265625 0.15
7 0.77421875 0.39375 0.25 0.2828125
7 0.828125 0.20234375 0.125 0.1828125
7 0.7453125 0.190625 0.134375 0.184375
7 0.63046875 0.25546875 0.2484375 0.29375
7 0.503125 0.290625 0.128125 0.1390625
7 0.3546875 0.59296875 0.090625 0.0921875
7 0.40234375 0.35625 0.115625 0.2046875
7 0.49296875 0.04375 0.0859375 0.0875
7 0.34921875 0.053125 0.0984375 0.10625
7 0.39296875 0.1171875 0.08125 0.1375
7 0.32578125 0.15703125 0.075 0.084375
7 0.365625 0.23046875 0.09375 0.0875
7 0.2828125 0.06015625 0.084375 0.1203125
7 0.20546875 0.14375 0.103125 0.1828125
7 0.14453125 0.16875 0.103125 0.1734375
7 0.1078125 0.14609375 0.0828125 0.171875
7 0.2328125 0.2859375 0.0546875 0.1015625
7 0.309375 0.39375 0.1421875 0.259375
7 0.26015625 0.61328125 0.14375 0.25625
7 0.153125 0.52109375 0.1203125 0.1578125
7 0.09296875 0.51015625 0.084375 0.0859375
7 0.2265625 0.43046875 0.134375 0.1984375
7 0.23359375 0.28203125 0.053125 0.0984375
7 0.271875 0.3140625 0.071875 0.096875
7 0.1796875 0.3671875 0.075 0.0875
7 0.30234375 0.1328125 0.103125 0.146875
7 0.0546875 0.47109375 0.0546875 0.096875
7 0.08046875 0.33359375 0.0609375 0.09375
7 0.1796875 0.32265625 0.03125 0.034375
7 0.190625 0.25859375 0.0359375 0.034375
7 0.16015625 0.23125 0.0359375 0.0390625
7 0.103125 0.2359375 0.0265625 0.028125
7 0.021875 0.5421875 0.04375 0.078125
7 0.78515625 0.84375 0.053125 0.0671875
7 0.678125 0.96953125 0.109375 0.0609375
7 0.13046875 0.3296875 0.04375 0.0453125
7 0.22265625 0.596875 0.0546875 0.0765625
7 0.3125 0.46015625 0.0453125 0.0828125
7 0.36328125 0.3703125 0.0859375 0.1875