7 0.87578125 0.528125 0.0515625 0.075
7 0.9046875 0.51328125 0.046875 0.06875
7 0.87265625 0.38828125 0.065625 0.0671875
7 0.87421875 0.2875 0.06875 0.125
7 0.62890625 0.20390625 0.0625 0.103125
7 0.6515625 0.05703125 0.090625 0.1140625
7 0.72890625 0.02578125 0.0703125 0.0515625
7 0.74609375 0.13671875 0.0671875 0.0890625
7 0.6578125 0.13359375 0.0625 0.090625
7 0.67890625 0.246875 0.0828125 0.13125
7 0.56796875 0.1546875 0.0859375 0.09375
7 0.74296875 0.26015625 0.0609375 0.103125
7 0.91875 0.359375 0.0640625 0.0859375
7 0.74375 0.403125 0.0703125 0.0765625
7 0.9421875 0.6390625 0.0375 0.0640625
7 0.65625 0.409375 0.0765625 0.0953125
7 0.61328125 0.31328125 0.0796875 0.1
7 0.63359375 0.2765625 0.05625 0.0640625
7 0.66796875 0.27421875 0.046875 0.0640625
7 0.80859375 0.8421875 0.0859375 0.09375
7 0.709375 0.70859375 0.084375 0.1359375
7 0.68359375 0.6125 0.0671875 0.1078125
7 0.759375 0.68359375 0.0390625 0.0546875
7 0.5984375 0.2359375 0.0640625 0.0828125
7 0.3609375 0.09375 0.103125 0.153125
7 0.2890625 0.10625 0.09375 0.13125
7 0.22265625 0.1234375 0.0859375 0.09375
7 0.1328125 0.14140625 0.0703125 0.0859375
7 0.1671875 0.22421875 0.0453125 0.059375
7 0.23046875 0.24921875 0.053125 0.06875
7 0.36015625 0.3515625 0.0625 0.1015625
7 0.396875 0.38046875 0.0546875 0.0765625
7 0.26796875 0.32109375 0.0734375 0.0953125
7 0.29453125 0.3859375 0.0609375 0.059375
7 0.2390625 0.34609375 0.0578125 0.084375
7 0.18984375 0.31015625 0.05625 0.065625
7 0.140625 0.3 0.0671875 0.0765625
7 0.06640625 0.25546875 0.075 0.10625
7 0.04296875 0.35546875 0.0828125 0.13125
7 0.0921875 0.396875 0.04375 0.0671875
7 0.15 0.5 0.0578125 0.078125
7 0.10625 0.4890625 0.065625 0.1046875
7 0.2546875 0.653125 0.0859375 0.134375
7 0.18671875 0.5953125 0.040625 0.0546875
7 0.0640625 0.50859375 0.0828125 0.1515625
7 0.11484375 0.56875 0.0421875 0.053125
7 0.27265625 0.790625 0.0625 0.08125
7 0.1875 0.88671875 0.096875 0.1609375
7 0.30234375 0.98984375 0.0609375 0.0203125
7 0.1953125 0.440625 0.0859375 0.109375
7 0.12421875 0.378125 0.0734375 0.1140625
7 0.13046875 0.23359375 0.0625 0.1140625
7 0.4578125 0.98203125 0.046875 0.0359375
7 0.54140625 0.94765625 0.0796875 0.1046875
7 0.91484375 0.4390625 0.0375 0.053125
7 0.93515625 0.39609375 0.040625 0.059375
7 0.9765625 0.553125 0.0390625 0.0375
7 0.72734375 0.49453125 0.0359375 0.0421875