7 0.47421875 0.76640625 0.265625 0.3234375
7 0.6125 0.88203125 0.25625 0.2359375
7 0.41796875 0.48359375 0.1328125 0.1296875
7 0.2734375 0.3515625 0.1546875 0.2453125
7 0.31015625 0.128125 0.1390625 0.184375
7 0.8375 0.8078125 0.1375 0.20625
7 0.74375 0.9 0.165625 0.1734375
7 0.4125 0.91953125 0.11875 0.1609375
7 0.1375 0.63359375 0.2390625 0.1890625
7 0.0359375 0.5921875 0.071875 0.1875
7 0.22109375 0.0171875 0.0546875 0.034375
7 0.08984375 0.30859375 0.125 0.165625
7 0.15 0.3296875 0.14375 0.190625
7 0.1734375 0.415625 0.09375 0.1390625
7 0.43515625 0.2890625 0.06875 0.1203125
7 0.36640625 0.284375 0.0859375 0.1421875
7 0.48046875 0.334375 0.125 0.1390625
7 0.5328125 0.1625 0.090625 0.1078125
7 0.5421875 0.29921875 0.1390625 0.2015625
7 0.409375 0.01015625 0.084375 0.0203125
7 0.51953125 0.06484375 0.0859375 0.128125
7 0.446875 0.16640625 0.04375 0.0578125
7 0.48203125 0.2734375 0.053125 0.071875
7 0.253125 0.7984375 0.0796875 0.1125
7 0.27890625 0.86875 0.1453125 0.1625
7 0.24453125 0.6546875 0.0859375 0.1390625
7 0.49609375 0.94140625 0.1296875 0.1171875
7 0.925 0.55 0.096875 0.128125