7 0.45546875 0.7640625 0.2796875 0.3296875
7 0.5828125 0.88359375 0.26875 0.2328125
7 0.41953125 0.47734375 0.1375 0.134375
7 0.28359375 0.3359375 0.1671875 0.2453125
7 0.33671875 0.115625 0.1484375 0.1859375
7 0.815625 0.83046875 0.1484375 0.2078125
7 0.7140625 0.91328125 0.171875 0.1734375
7 0.384375 0.91328125 0.1265625 0.1640625
7 0.1296875 0.6078125 0.24375 0.2
7 0.03515625 0.55703125 0.0703125 0.1890625
7 0.25703125 0.00859375 0.0578125 0.0171875
7 0.10390625 0.28046875 0.1328125 0.1671875
7 0.1625 0.30546875 0.1515625 0.1921875
7 0.18046875 0.39296875 0.1 0.140625
7 0.45 0.28515625 0.075 0.11875
7 0.38203125 0.275 0.09375 0.1421875
7 0.4921875 0.33359375 0.13125 0.14375
7 0.55625 0.165625 0.0953125 0.109375
7 0.55625 0.303125 0.1484375 0.203125
7 0.55 0.0671875 0.0921875 0.1296875
7 0.4703125 0.16328125 0.046875 0.059375
7 0.49765625 0.27265625 0.05625 0.071875
7 0.23359375 0.78046875 0.084375 0.1125
7 0.25390625 0.85234375 0.1515625 0.165625
7 0.234375 0.6359375 0.09375 0.1390625
7 0.46484375 0.93984375 0.1359375 0.1203125
7 0.9203125 0.5796875 0.1015625 0.1296875