3 0.62734375 0.94296875 0.2953125 0.1109375
3 0.32421875 0.83359375 0.1453125 0.15
3 0.58046875 0.5078125 0.128125 0.209375
3 0.14375 0.34140625 0.2203125 0.11875
3 0.28046875 0.46328125 0.1296875 0.19375
3 0.3375 0.37734375 0.121875 0.1171875
3 0.240625 0.26875 0.1515625 0.08125
3 0.75625 0.3265625 0.140625 0.1109375
3 0.65078125 0.403125 0.1765625 0.271875
3 0.42265625 0.4640625 0.159375 0.2359375
3 0.42734375 0.60078125 0.1796875 0.13125
3 0.5765625 0.7734375 0.2875 0.2265625
3 0.0703125 0.690625 0.140625 0.271875
3 0.1671875 0.85703125 0.275 0.275