3 0.703125 0.890625 0.2921875 0.1375
3 0.39140625 0.8 0.1421875 0.153125
3 0.6203125 0.4515625 0.1234375 0.2109375
3 0.171875 0.3265625 0.2171875 0.1234375
3 0.3171875 0.434375 0.1265625 0.196875
3 0.3671875 0.34375 0.11875 0.1203125
3 0.26171875 0.2453125 0.15 0.0859375
3 0.78046875 0.25390625 0.1375 0.1140625
3 0.68125 0.340625 0.1703125 0.275
3 0.459375 0.42265625 0.1546875 0.240625
3 0.475 0.55859375 0.1765625 0.1359375
3 0.6375 0.715625 0.2828125 0.2328125
3 0.10625 0.6828125 0.175 0.275
3 0.23671875 0.8375 0.26875 0.28125