3 0.659375 0.04453125 0.3046875 0.084375
3 0.34140625 0.1375 0.146875 0.1515625
3 0.5984375 0.4859375 0.128125 0.2125
3 0.1390625 0.6421875 0.2265625 0.115625
3 0.2859375 0.521875 0.1296875 0.1984375
3 0.340625 0.6125 0.1234375 0.1171875
3 0.2375 0.721875 0.15625 0.0796875
3 0.77578125 0.68046875 0.14375 0.109375
3 0.66796875 0.59765625 0.1765625 0.2765625
3 0.4328125 0.52578125 0.159375 0.2421875
3 0.4421875 0.38359375 0.1828125 0.13125
3 0.60234375 0.21015625 0.2921875 0.225
3 0.07421875 0.2765625 0.1375 0.2765625
3 0.17890625 0.12421875 0.2796875 0.24375