9 0.4828125 0.1171875 0.203125 0.2078125
9 0.48671875 0.84140625 0.0859375 0.2125
9 0.89453125 0.8140625 0.2078125 0.284375
9 0.86171875 0.56484375 0.153125 0.2609375
9 0.69921875 0.21171875 0.175 0.2640625
9 0.21015625 0.253125 0.3359375 0.2546875
9 0.28984375 0.153125 0.1046875 0.0984375
9 0.12890625 0.8 0.1765625 0.1375
9 0.321875 0.73671875 0.19375 0.209375
9 0.48359375 0.603125 0.09375 0.2546875
9 0.67890625 0.58828125 0.1234375 0.284375
9 0.75859375 0.3375 0.15625 0.2859375
9 0.59375 0.39140625 0.325 0.2453125
9 0.29609375 0.55625 0.275 0.24375