9 0.5125 0.11796875 0.2125 0.20625
9 0.48671875 0.853125 0.09375 0.2140625
9 0.09140625 0.80625 0.1828125 0.28125
9 0.1140625 0.5546875 0.1625 0.2625
9 0.2890625 0.20390625 0.184375 0.2640625
9 0.78359375 0.26953125 0.3484375 0.2515625
9 0.70625 0.16328125 0.109375 0.0984375
9 0.85 0.82734375 0.1828125 0.1359375
9 0.65625 0.75390625 0.203125 0.2078125
9 0.49609375 0.61171875 0.103125 0.25625
9 0.29921875 0.58671875 0.1328125 0.2859375
9 0.225 0.32890625 0.165625 0.2859375
9 0.39140625 0.390625 0.3375 0.240625
9 0.68828125 0.57265625 0.2859375 0.240625