0 0.6578125 0.80703125 0.325 0.18125
0 0.2359375 0.70546875 0.3171875 0.196875
0 0.1421875 0.85546875 0.284375 0.1984375
0 0.0921875 0.4578125 0.184375 0.4921875
0 0.2828125 0.3109375 0.1921875 0.4484375
0 0.47265625 0.4609375 0.2203125 0.4671875
0 0.83984375 0.8875 0.2578125 0.221875
0 0.92421875 0.6 0.1203125 0.39375
0 0.9609375 0.2125 0.075 0.3671875
0 0.87421875 0.20703125 0.16875 0.3609375
0 0.646875 0.30703125 0.246875 0.5765625
0 0.403125 0.04921875 0.2765625 0.078125
0 0.61015625 0.56796875 0.10625 0.309375
0 0.71484375 0.6296875 0.1 0.1671875
0 0.41953125 0.8546875 0.2921875 0.2875
0 0.140625 0.0921875 0.259375 0.1796875
0 0.18125 0.190625 0.1 0.1171875