3 0.6796875 0.9453125 0.075 0.10625
3 0.13671875 0.30546875 0.05625 0.0515625
3 0.23203125 0.49921875 0.0515625 0.13125
3 0.375 0.409375 0.0734375 0.115625
3 0.50859375 0.48203125 0.0421875 0.0484375
3 0.54453125 0.40703125 0.04375 0.071875
3 0.48046875 0.68515625 0.0140625 0.0921875
3 0.5078125 0.6578125 0.025 0.04375
3 0.49921875 0.5875 0.0328125 0.0515625
3 0.409375 0.6296875 0.03125 0.0921875
3 0.4375 0.63046875 0.0140625 0.0515625
3 0.4625 0.61015625 0.0171875 0.046875
3 0.66796875 0.63125 0.034375 0.0953125
3 0.715625 0.60703125 0.028125 0.06875
3 0.77421875 0.55390625 0.0171875 0.0390625
3 0.82265625 0.5640625 0.0265625 0.1125
3 0.86953125 0.53984375 0.0359375 0.084375
3 0.56171875 0.77265625 0.0421875 0.0875