9 0.525 0.09609375 0.21875 0.1921875
9 0.56796875 0.82421875 0.0984375 0.21875
9 0.15 0.8015625 0.221875 0.2890625
9 0.16640625 0.546875 0.16875 0.26875
9 0.30859375 0.18515625 0.1921875 0.271875
9 0.81171875 0.22109375 0.3546875 0.2640625
9 0.7234375 0.11953125 0.1125 0.1015625
9 0.9171875 0.778125 0.1625 0.14375
9 0.72890625 0.715625 0.209375 0.215625
9 0.5546875 0.58125 0.109375 0.2609375
9 0.35546875 0.56875 0.140625 0.2921875
9 0.25625 0.3140625 0.1734375 0.29375
9 0.4296875 0.3671875 0.34375 0.2546875
9 0.74453125 0.53203125 0.2921875 0.2515625