3 0.70078125 0.91640625 0.0703125 0.0890625
3 0.1609375 0.33359375 0.053125 0.053125
3 0.25703125 0.5171875 0.0484375 0.1296875
3 0.39609375 0.4203125 0.0703125 0.115625
3 0.52734375 0.4828125 0.040625 0.05
3 0.5625 0.40703125 0.0421875 0.071875
3 0.50234375 0.6828125 0.0125 0.090625
3 0.52890625 0.6546875 0.0234375 0.04375
3 0.51953125 0.58671875 0.03125 0.0515625
3 0.4328125 0.634375 0.0296875 0.090625
3 0.46015625 0.6328125 0.0140625 0.05
3 0.48359375 0.6109375 0.015625 0.0453125
3 0.6859375 0.61953125 0.0328125 0.09375
3 0.73125 0.5921875 0.0265625 0.06875
3 0.7875 0.53671875 0.015625 0.0375
3 0.83671875 0.54296875 0.0265625 0.1109375
3 0.88203125 0.5171875 0.0359375 0.084375
3 0.5828125 0.76328125 0.040625 0.0875