0 0.7 0.85078125 0.3171875 0.1765625
0 0.2828125 0.75078125 0.3109375 0.1921875
0 0.2046875 0.8953125 0.2796875 0.19375
0 0.11484375 0.509375 0.196875 0.478125
0 0.29296875 0.36796875 0.1921875 0.434375
0 0.4890625 0.51484375 0.2171875 0.453125
0 0.878125 0.91171875 0.240625 0.1734375
0 0.93984375 0.65546875 0.1171875 0.3828125
0 0.9515625 0.27734375 0.09375 0.3578125
0 0.85546875 0.2546875 0.165625 0.384375
0 0.64453125 0.3453125 0.2453125 0.603125
0 0.38359375 0.0828125 0.271875 0.1421875
0 0.63203125 0.61953125 0.10625 0.3015625
0 0.7390625 0.6796875 0.0984375 0.1625
0 0.471875 0.8765625 0.290625 0.24375
0 0.1359375 0.14140625 0.253125 0.2046875
0 0.1828125 0.2515625 0.1 0.1140625