0 0.36875 0.809375 0.2984375 0.1671875
0 0.76484375 0.73671875 0.290625 0.18125
0 0.8484375 0.8796875 0.2609375 0.1828125
0 0.9109375 0.5125 0.1703125 0.4578125
0 0.73046875 0.36640625 0.1671875 0.415625
0 0.55 0.496875 0.1921875 0.434375
0 0.159375 0.8828125 0.3015625 0.2125
0 0.11171875 0.60546875 0.125 0.3640625
0 0.0796875 0.240625 0.0984375 0.3390625
0 0.18203125 0.225 0.1453125 0.3671875
0 0.39140625 0.325 0.2125 0.578125
0 0.62578125 0.084375 0.25625 0.1390625
0 0.41953125 0.58984375 0.090625 0.2890625
0 0.3203125 0.64140625 0.0890625 0.1546875
0 0.58828125 0.865625 0.2640625 0.265625
0 0.86796875 0.15625 0.234375 0.19375
0 0.8296875 0.26015625 0.090625 0.109375