3 0.2640625 0.93359375 0.0703125 0.115625
3 0.8296875 0.3 0.053125 0.05
3 0.72578125 0.4890625 0.046875 0.128125
3 0.59296875 0.403125 0.0703125 0.1140625
3 0.45859375 0.47578125 0.040625 0.0484375
3 0.42890625 0.403125 0.0421875 0.0703125
3 0.47421875 0.67109375 0.0125 0.0890625
3 0.4484375 0.64609375 0.0234375 0.0421875
3 0.4609375 0.578125 0.03125 0.05
3 0.54609375 0.61796875 0.0296875 0.0890625
3 0.51875 0.61875 0.0140625 0.05
3 0.49609375 0.6 0.015625 0.0453125
3 0.29453125 0.62265625 0.03125 0.0921875
3 0.25078125 0.59921875 0.0265625 0.0671875
3 0.19765625 0.5484375 0.015625 0.0375
3 0.14921875 0.5578125 0.025 0.109375
3 0.1046875 0.5359375 0.034375 0.0828125
3 0.3890625 0.7578125 0.0390625 0.0859375