9 0.6671875 0.46171875 0.1015625 0.40625
9 0.4859375 0.39375 0.0609375 0.1296875
9 0.36171875 0.65703125 0.0796875 0.09375
9 0.32734375 0.56953125 0.0828125 0.140625
9 0.4640625 0.5296875 0.1046875 0.1296875
9 0.46171875 0.31640625 0.0625 0.075
9 0.25234375 0.6359375 0.096875 0.2390625
9 0.46953125 0.68515625 0.0609375 0.1234375
9 0.06328125 0.6046875 0.115625 0.2609375
3 0.54453125 0.34765625 0.209375 0.3046875
9 0.765625 0.18671875 0.19375 0.3734375
9 0.86640625 0.34140625 0.171875 0.565625
9 0.39765625 0.91796875 0.0625 0.0671875
9 0.49375 0.88828125 0.09375 0.2234375
9 0.353125 0.76640625 0.0625 0.1265625
9 0.2296875 0.478125 0.0828125 0.0859375
9 0.3734375 0.15546875 0.0484375 0.1328125