3 0.33203125 0.240625 0.0671875 0.1328125
3 0.1203125 0.54921875 0.13125 0.1578125
3 0.25859375 0.46171875 0.1453125 0.1359375
3 0.56640625 0.2484375 0.0828125 0.1015625
3 0.5046875 0.33515625 0.1015625 0.11875
3 0.46875 0.36640625 0.0703125 0.125
3 0.6015625 0.440625 0.059375 0.0875
3 0.58046875 0.54296875 0.1375 0.1296875
3 0.76171875 0.36484375 0.0953125 0.18125
3 0.85390625 0.4046875 0.1046875 0.134375
3 0.8953125 0.5015625 0.1609375 0.1390625
3 0.28046875 0.2375 0.0671875 0.109375
3 0.30234375 0.340625 0.071875 0.153125
3 0.17890625 0.36015625 0.1203125 0.11875