3 0.35 0.72109375 0.0640625 0.128125
3 0.1328125 0.41875 0.1265625 0.153125
3 0.27109375 0.5046875 0.140625 0.13125
3 0.578125 0.71484375 0.0796875 0.0984375
3 0.515625 0.6296875 0.096875 0.1140625
3 0.47890625 0.59921875 0.0671875 0.121875
3 0.60546875 0.52734375 0.05625 0.0859375
3 0.58125 0.428125 0.1328125 0.125
3 0.76484375 0.60234375 0.090625 0.175
3 0.853125 0.5640625 0.1 0.1296875
3 0.88984375 0.4703125 0.15625 0.134375
3 0.29921875 0.7234375 0.0640625 0.10625
3 0.31640625 0.62265625 0.0671875 0.1484375
3 0.19609375 0.60390625 0.115625 0.115625