3 0.3390625 0.284375 0.0640625 0.125
3 0.12421875 0.57421875 0.125 0.1484375
3 0.259375 0.4921875 0.1390625 0.128125
3 0.559375 0.29140625 0.078125 0.0953125
3 0.496875 0.3734375 0.096875 0.1109375
3 0.46171875 0.40234375 0.0671875 0.1171875
3 0.58203125 0.4734375 0.05625 0.0828125
3 0.5578125 0.56953125 0.13125 0.121875
3 0.7375 0.40078125 0.090625 0.16875
3 0.82265625 0.43828125 0.0984375 0.1265625
3 0.85625 0.52890625 0.153125 0.1296875
3 0.28984375 0.28125 0.0640625 0.103125
3 0.30546875 0.37890625 0.06875 0.14375
3 0.18828125 0.396875 0.1140625 0.1109375