9 0.653125 0.71328125 0.059375 0.1203125
9 0.8328125 0.415625 0.11875 0.140625
9 0.725 0.50703125 0.134375 0.121875
9 0.43515625 0.71484375 0.075 0.090625
9 0.49609375 0.6328125 0.0921875 0.1046875
9 0.52890625 0.60234375 0.0625 0.1125
9 0.409375 0.53671875 0.053125 0.08125
9 0.43046875 0.44140625 0.128125 0.1171875
9 0.25859375 0.61328125 0.084375 0.1625
9 0.17421875 0.5796875 0.09375 0.1203125
9 0.1375 0.49140625 0.146875 0.125
9 0.70078125 0.71484375 0.059375 0.0984375
9 0.68359375 0.6203125 0.0625 0.1375
9 0.79609375 0.59921875 0.109375 0.1046875
9 0.20390625 0.27265625 0.1484375 0.165625
9 0.53828125 0.35546875 0.0671875 0.0765625
9 0.3890625 0.88828125 0.0921875 0.14375
9 0.77734375 0.2890625 0.0609375 0.065625
9 0.259375 0.77578125 0.084375 0.05