3 0.6390625 0.39765625 0.1921875 0.0921875
3 0.3296875 0.378125 0.20625 0.1359375
3 0.25078125 0.55234375 0.315625 0.146875
3 0.5875 0.55 0.2359375 0.115625
3 0.3109375 0.6796875 0.19375 0.1625
3 0.3484375 0.17578125 0.1234375 0.115625
3 0.25390625 0.1921875 0.11875 0.0875
3 0.51015625 0.096875 0.1328125 0.146875
3 0.27421875 0.11015625 0.1234375 0.0625
3 0.79921875 0.171875 0.1859375 0.184375
3 0.7609375 0.09609375 0.1328125 0.078125
3 0.665625 0.1796875 0.08125 0.0984375
3 0.5859375 0.32421875 0.1171875 0.0296875
3 0.44296875 0.23125 0.1375 0.046875
3 0.48984375 0.20390625 0.0484375 0.0140625
3 0.340625 0.0453125 0.1015625 0.0609375
3 0.51015625 0.43515625 0.078125 0.0234375
3 0.415625 0.428125 0.084375 0.0328125
3 0.509375 0.6546875 0.203125 0.134375
3 0.36796875 0.57890625 0.0859375 0.04375
3 0.52734375 0.72421875 0.26875 0.11875