3 0.625 0.63515625 0.2109375 0.1546875
3 0.4078125 0.54296875 0.25625 0.084375
3 0.31171875 0.4484375 0.3015625 0.1078125
3 0.67578125 0.525 0.240625 0.06875
3 0.6046875 0.4859375 0.1328125 0.0546875
3 0.67109375 0.2828125 0.2421875 0.0625
3 0.2046875 0.29921875 0.196875 0.084375
3 0.403125 0.3828125 0.1296875 0.0453125
3 0.296875 0.24609375 0.1671875 0.0453125
3 0.56015625 0.328125 0.075 0.0703125
3 0.41171875 0.34765625 0.046875 0.0546875
3 0.4953125 0.18359375 0.0921875 0.125
3 0.778125 0.41875 0.25625 0.084375
3 0.94453125 0.3984375 0.084375 0.0671875
3 0.896875 0.46953125 0.09375 0.0734375
3 0.80859375 0.4796875 0.078125 0.028125
3 0.5234375 0.359375 0.09375 0.0515625
3 0.88828125 0.22734375 0.0859375 0.0765625
3 0.74609375 0.2421875 0.2046875 0.084375
3 0.86953125 0.315625 0.09375 0.0578125
3 0.6328125 0.43046875 0.20625 0.128125
3 0.2375 0.1515625 0.0984375 0.0984375
3 0.1078125 0.059375 0.159375 0.0984375
3 0.83671875 0.5578125 0.096875 0.0328125
3 0.578125 0.18828125 0.059375 0.040625
3 0.55390625 0.21640625 0.0625 0.0375