3 0.43671875 0.17578125 0.334375 0.178125
3 0.8015625 0.190625 0.2203125 0.09375
3 0.78203125 0.3875 0.3203125 0.1265625
3 0.3390625 0.353125 0.4078125 0.165625
3 0.409375 0.52109375 0.3 0.103125
3 0.69921875 0.53046875 0.2515625 0.0859375
3 0.5890625 0.66484375 0.225 0.178125
3 0.67109375 0.2796875 0.1015625 0.0296875
3 0.5765625 0.26015625 0.0828125 0.03125
3 0.61328125 0.2078125 0.040625 0.040625
3 0.653125 0.4546875 0.1390625 0.0328125
3 0.47109375 0.4328125 0.2 0.059375
3 0.521875 0.02265625 0.1421875 0.0453125