3 0.46796875 0.71171875 0.1890625 0.1484375
3 0.67109375 0.56875 0.2734375 0.078125
3 0.41796875 0.54921875 0.2359375 0.06875
3 0.73203125 0.42734375 0.3 0.090625
3 0.328125 0.42890625 0.303125 0.0875
3 0.6703125 0.29765625 0.215625 0.075
3 0.36328125 0.35078125 0.2765625 0.0984375
3 0.63828125 0.48125 0.16875 0.0453125
3 0.45390625 0.49140625 0.134375 0.0390625
3 0.471875 0.6109375 0.0703125 0.0359375
3 0.5515625 0.625 0.065625 0.025
3 0.1125 0.1203125 0.225 0.240625
3 0.30078125 0.14609375 0.1640625 0.0890625
3 0.65 0.16484375 0.1796875 0.040625
3 0.74375 0.09375 0.2390625 0.0640625
3 0.875 0.17578125 0.25 0.196875
3 0.80546875 0.1625 0.059375 0.040625
3 0.94921875 0.07734375 0.1015625 0.0421875
3 0.93984375 0.296875 0.1109375 0.0734375
3 0.83671875 0.3125 0.0921875 0.059375
3 0.82109375 0.35078125 0.0453125 0.0578125
3 0.8515625 0.3703125 0.053125 0.0359375
3 0.909375 0.3859375 0.0609375 0.0265625
3 0.9703125 0.53046875 0.059375 0.06875
3 0.88203125 0.58125 0.125 0.0390625
3 0.88046875 0.640625 0.0984375 0.0890625
3 0.9546875 0.61796875 0.040625 0.040625
3 0.953125 0.6703125 0.065625 0.0359375
3 0.921875 0.50625 0.075 0.0546875
3 0.85234375 0.52890625 0.065625 0.059375
3 0.81484375 0.48671875 0.05625 0.0734375
3 0.9765625 0.44921875 0.046875 0.096875
3 0.846875 0.95390625 0.09375 0.0921875
3 0.70703125 0.89140625 0.1046875 0.059375
3 0.628125 0.8640625 0.078125 0.03125
3 0.7390625 0.96484375 0.140625 0.0703125
3 0.58984375 0.9171875 0.08125 0.0390625
3 0.425 0.91328125 0.1671875 0.0953125
3 0.23828125 0.959375 0.09375 0.0375
3 0.53515625 0.87734375 0.078125 0.0359375
3 0.1625 0.925 0.1609375 0.0609375
3 0.27578125 0.9 0.053125 0.025
3 0.2875 0.98515625 0.0796875 0.0296875
3 0.9484375 0.921875 0.084375 0.1171875
3 0.94140625 0.82265625 0.1171875 0.0609375