3 0.6421875 0.34140625 0.1671875 0.0953125
3 0.39375 0.29765625 0.2265625 0.0734375
3 0.3078125 0.4234375 0.271875 0.1015625
3 0.5921875 0.4390625 0.2265625 0.1140625
3 0.32734375 0.5046875 0.1953125 0.059375
3 0.59453125 0.56796875 0.21875 0.078125
3 0.5125 0.5265625 0.15625 0.0921875
3 0.39140625 0.453125 0.0890625 0.0265625
3 0.490625 0.4453125 0.0703125 0.0265625
3 0.44375 0.3484375 0.0703125 0.025
3 0.53359375 0.34609375 0.0859375 0.028125
3 0.578125 0.2015625 0.1171875 0.04375
3 0.7078125 0.15546875 0.084375 0.06875
3 0.41796875 0.06015625 0.059375 0.0453125
3 0.31015625 0.0546875 0.134375 0.0421875
3 0.26875 0.14609375 0.05625 0.0734375
3 0.0765625 0.1 0.1359375 0.1140625
3 0.059375 0.1796875 0.071875 0.0609375
3 0.16796875 0.09140625 0.0734375 0.065625