3 0.5515625 0.6578125 0.1765625 0.153125
3 0.63515625 0.5671875 0.2046875 0.0828125
3 0.73671875 0.47734375 0.2875 0.0765625
3 0.27421875 0.36484375 0.2359375 0.1390625
3 0.7796875 0.3328125 0.24375 0.05
3 0.25625 0.43671875 0.334375 0.1171875
3 0.59609375 0.5015625 0.13125 0.0296875
3 0.60078125 0.4171875 0.125 0.03125
3 0.46953125 0.56328125 0.0640625 0.03125
3 0.45234375 0.440625 0.0453125 0.0375
3 0.43515625 0.4953125 0.125 0.09375
3 0.47578125 0.35 0.0609375 0.0578125
3 0.49609375 0.30234375 0.0484375 0.028125
3 0.58359375 0.38203125 0.078125 0.03125
3 0.42734375 0.24140625 0.125 0.0359375
3 0.59296875 0.21875 0.075 0.0625
3 0.271875 0.13203125 0.1015625 0.075
3 0.39140625 0.07890625 0.1390625 0.1578125
3 0.596875 0.1390625 0.0578125 0.075
3 0.45703125 0.18359375 0.059375 0.0796875
3 0.203125 0.1703125 0.0703125 0.0296875
3 0.26875 0.20390625 0.040625 0.034375
3 0.17265625 0.07109375 0.046875 0.01875
3 0.23046875 0.07734375 0.071875 0.05625
3 0.05703125 0.18359375 0.1140625 0.0453125
3 0.6828125 0.21953125 0.065625 0.025
3 0.67265625 0.190625 0.0515625 0.01875
3 0.72578125 0.0859375 0.1125 0.171875
3 0.8359375 0.215625 0.2078125 0.0796875
3 0.34375 0.20078125 0.0765625 0.053125