3 0.6671875 0.23046875 0.4421875 0.1609375
3 0.1234375 0.3578125 0.175 0.1828125
3 0.13203125 0.16953125 0.24375 0.0890625
3 0.4671875 0.128125 0.2828125 0.11875
3 0.28671875 0.43984375 0.321875 0.134375
3 0.6796875 0.59609375 0.1984375 0.19375
3 0.49140625 0.50390625 0.2390625 0.096875
3 0.29765625 0.2953125 0.0984375 0.0703125
3 0.15 0.23671875 0.1484375 0.065625
3 0.41171875 0.27265625 0.0546875 0.0859375
3 0.4703125 0.45546875 0.0921875 0.0515625
3 0.64921875 0.4265625 0.190625 0.0734375
3 0.484375 0.40546875 0.0734375 0.0578125
3 0.5265625 0.35546875 0.1203125 0.0546875
3 0.721875 0.3609375 0.41875 0.075