3 0.37109375 0.4578125 0.303125 0.1140625
3 0.68046875 0.171875 0.1640625 0.0734375
3 0.53828125 0.65625 0.1765625 0.178125
3 0.70078125 0.55 0.2671875 0.0859375
3 0.48984375 0.3609375 0.140625 0.053125
3 0.378125 0.203125 0.209375 0.0671875
3 0.44765625 0.51484375 0.196875 0.0734375
3 0.30234375 0.28125 0.2203125 0.1015625
3 0.7125 0.3046875 0.0890625 0.0859375
3 0.7 0.44609375 0.23125 0.1515625
3 0.5171875 0.3140625 0.053125 0.0546875
3 0.64375 0.33671875 0.1125 0.059375
3 0.925 0.11015625 0.084375 0.09375
3 0.65859375 0.4859375 0.128125 0.059375
3 0.79453125 0.1578125 0.2390625 0.0921875
3 0.9578125 0.215625 0.084375 0.071875
3 0.903125 0.35 0.19375 0.078125
3 0.11171875 0.0484375 0.1453125 0.096875