3 0.34453125 0.30625 0.3359375 0.1
3 0.3328125 0.48515625 0.2609375 0.1484375
3 0.821875 0.57890625 0.315625 0.1171875
3 0.71875 0.69453125 0.2609375 0.08125
3 0.34609375 0.7046875 0.3125 0.153125
3 0.42265625 0.7828125 0.2015625 0.0796875
3 0.58984375 0.8453125 0.19375 0.1484375
3 0.66171875 0.77109375 0.2203125 0.090625
3 0.78203125 0.19453125 0.290625 0.134375
3 0.96875 0.16640625 0.0625 0.0359375
3 0.78828125 0.0875 0.2859375 0.175
3 0.91953125 0.0890625 0.075 0.0640625
3 0.28984375 0.09765625 0.2078125 0.0703125
3 0.35390625 0.19921875 0.065625 0.071875
3 0.2734375 0.203125 0.075 0.0546875
3 0.0765625 0.08984375 0.153125 0.1796875
3 0.15078125 0.14375 0.1015625 0.1546875
3 0.3359375 0.03984375 0.08125 0.0359375
3 0.471875 0.540625 0.125 0.0796875
3 0.48828125 0.50078125 0.04375 0.0578125
3 0.621875 0.515625 0.0578125 0.05
3 0.653125 0.57421875 0.0703125 0.0578125
3 0.76953125 0.5484375 0.1234375 0.0359375
3 0.646875 0.6171875 0.190625 0.053125