3 0.590625 0.62578125 0.1484375 0.171875
3 0.72265625 0.521875 0.284375 0.090625
3 0.4234375 0.49921875 0.259375 0.075
3 0.8125 0.42421875 0.375 0.1125
3 0.3109375 0.30390625 0.234375 0.125
3 0.8453125 0.26796875 0.309375 0.109375
3 0.37109375 0.41796875 0.3140625 0.125
3 0.39609375 0.19375 0.1921875 0.0671875
3 0.62890625 0.4625 0.1125 0.0375
3 0.50390625 0.44375 0.115625 0.0421875
3 0.4921875 0.325 0.140625 0.046875
3 0.65703125 0.34375 0.125 0.05
3 0.721875 0.21171875 0.1890625 0.0640625
3 0.87734375 0.10078125 0.2453125 0.2015625
3 0.63046875 0.10390625 0.0828125 0.0796875
3 0.1515625 0.14765625 0.0984375 0.075
3 0.29921875 0.11796875 0.159375 0.0328125
3 0.3046875 0.0734375 0.1765625 0.071875
3 0.6109375 0.16484375 0.0296875 0.0296875
3 0.57109375 0.11796875 0.0484375 0.028125
3 0.5734375 0.0640625 0.065625 0.065625
3 0.41328125 0.028125 0.0625 0.05625
3 0.965625 0.33046875 0.06875 0.0421875
3 0.96640625 0.21015625 0.0671875 0.09375