3 0.5640625 0.6953125 0.2390625 0.23125
3 0.68671875 0.540625 0.215625 0.1125
3 0.4140625 0.51484375 0.303125 0.0875
3 0.71796875 0.45546875 0.2234375 0.1515625
3 0.35546875 0.3984375 0.40625 0.096875
3 0.36953125 0.2890625 0.3453125 0.115625
3 0.50546875 0.56015625 0.1171875 0.034375
3 0.61640625 0.5671875 0.0625 0.0390625
3 0.51484375 0.45546875 0.11875 0.04375
3 0.6484375 0.4515625 0.1265625 0.0328125
3 0.63671875 0.309375 0.109375 0.0390625
3 0.50703125 0.32734375 0.140625 0.0375
3 0.48671875 0.165625 0.1625 0.05
3 0.240625 0.12578125 0.128125 0.109375
3 0.38046875 0.0671875 0.09375 0.0625
3 0.8265625 0.11171875 0.1671875 0.0484375
3 0.69609375 0.103125 0.1828125 0.0484375
3 0.67578125 0.93984375 0.3578125 0.1203125
3 0.234375 0.03984375 0.1109375 0.0796875