3 0.58046875 0.66640625 0.2046875 0.2421875
3 0.74296875 0.45703125 0.340625 0.1171875
3 0.19296875 0.2921875 0.3328125 0.1046875
3 0.8328125 0.30234375 0.334375 0.128125
3 0.28671875 0.49140625 0.20625 0.1703125
3 0.38671875 0.51796875 0.3234375 0.059375
3 0.7484375 0.04921875 0.13125 0.0984375
3 0.8328125 0.07421875 0.08125 0.0421875
3 0.8671875 0.10078125 0.13125 0.0296875
3 0.89375 0.14921875 0.2109375 0.059375
3 0.6421875 0.2578125 0.08125 0.090625
3 0.3875 0.3828125 0.078125 0.040625
3 0.4296875 0.4140625 0.05625 0.0359375
3 0.4640625 0.45 0.1390625 0.0671875
3 0.58984375 0.4015625 0.065625 0.09375
3 0.55078125 0.3296875 0.153125 0.0484375
3 0.4328125 0.32109375 0.0859375 0.0359375
3 0.4578125 0.26484375 0.059375 0.028125
3 0.49609375 0.21484375 0.0921875 0.0375
3 0.55546875 0.26171875 0.1046875 0.0328125
3 0.684375 0.35 0.1859375 0.0734375
3 0.6171875 0.05546875 0.0921875 0.03125
3 0.48984375 0.09140625 0.1125 0.0734375
3 0.41328125 0.0671875 0.0546875 0.059375
3 0.090625 0.1578125 0.1015625 0.059375
3 0.2640625 0.04296875 0.1734375 0.0703125
3 0.09609375 0.9453125 0.075 0.0453125
3 0.02734375 0.41875 0.0546875 0.0234375
3 0.0296875 0.2265625 0.059375 0.0421875
3 0.39921875 0.13671875 0.059375 0.0359375
3 0.42890625 0.1625 0.053125 0.0234375