3 0.54921875 0.58671875 0.259375 0.1484375
3 0.30546875 0.49921875 0.2953125 0.0984375
3 0.62890625 0.51015625 0.265625 0.096875
3 0.7484375 0.40703125 0.4265625 0.1015625
3 0.7109375 0.32109375 0.365625 0.1328125
3 0.18125 0.28046875 0.353125 0.1171875
3 0.63125 0.18359375 0.2359375 0.0609375
3 0.5875 0.45390625 0.1734375 0.059375
3 0.165625 0.1234375 0.090625 0.0390625
3 0.4734375 0.0984375 0.0859375 0.0609375
3 0.2359375 0.1671875 0.065625 0.0328125
3 0.28046875 0.059375 0.190625 0.0609375
3 0.440625 0.0375 0.259375 0.075
3 0.8828125 0.44609375 0.1 0.0390625
3 0.9453125 0.46484375 0.109375 0.0453125
3 0.9140625 0.49140625 0.05 0.0296875
3 0.8671875 0.26875 0.06875 0.071875
3 0.13671875 0.17109375 0.0609375 0.0328125