3 0.46875 0.6234375 0.1609375 0.153125
3 0.25546875 0.50546875 0.29375 0.075
3 0.5390625 0.43984375 0.203125 0.1421875
3 0.55546875 0.3125 0.1796875 0.1046875
3 0.1890625 0.415625 0.303125 0.1015625
3 0.2234375 0.33125 0.18125 0.1359375
3 0.51953125 0.52734375 0.1921875 0.0984375
3 0.44296875 0.41875 0.0578125 0.0296875
3 0.353125 0.4234375 0.1015625 0.0609375
3 0.43984375 0.33828125 0.0828125 0.025
3 0.4265625 0.28046875 0.0453125 0.0328125
3 0.44140625 0.31171875 0.0359375 0.028125
3 0.3328125 0.27734375 0.0390625 0.0328125
3 0.35546875 0.31171875 0.05 0.03125
3 0.40625 0.23671875 0.0671875 0.0375
3 0.2671875 0.2171875 0.0796875 0.0328125
3 0.4703125 0.18046875 0.0875 0.0640625
3 0.18828125 0.121875 0.115625 0.0984375
3 0.27890625 0.1234375 0.0515625 0.09375
3 0.084375 0.10859375 0.11875 0.0796875
3 0.65546875 0.1140625 0.08125 0.06875
3 0.5390625 0.07421875 0.0953125 0.121875
3 0.75625 0.071875 0.084375 0.1265625
3 0.8390625 0.15859375 0.1234375 0.1078125
3 0.7671875 0.16953125 0.05 0.0421875
3 0.9015625 0.20859375 0.0890625 0.05625
3 0.9640625 0.05625 0.071875 0.1125
3 0.76015625 0.209375 0.0625 0.0484375
3 0.78828125 0.275 0.090625 0.0609375
3 0.93671875 0.36484375 0.1109375 0.028125
3 0.91484375 0.55625 0.1609375 0.059375
3 0.96328125 0.55390625 0.0734375 0.03125
3 0.809375 0.56171875 0.0875 0.0625
3 0.809375 0.61640625 0.078125 0.0890625
3 0.81484375 0.43828125 0.159375 0.0359375
3 0.575 0.16875 0.0890625 0.0390625
3 0.675 0.0296875 0.1078125 0.0484375
3 0.8828125 0.9671875 0.06875 0.05
3 0.890625 0.253125 0.103125 0.0640625
3 0.5140625 0.22578125 0.059375 0.01875
3 0.58046875 0.19765625 0.0703125 0.05625
3 0.6484375 0.15703125 0.0625 0.078125