3 0.2734375 0.4421875 0.4 0.1
3 0.76328125 0.503125 0.29375 0.0765625
3 0.4171875 0.62109375 0.246875 0.1140625
3 0.66640625 0.61328125 0.1953125 0.0859375
3 0.40625 0.32734375 0.2234375 0.09375
3 0.55546875 0.74453125 0.1453125 0.1265625
3 0.36484375 0.14375 0.084375 0.090625
3 0.46484375 0.10625 0.040625 0.028125
3 0.48203125 0.15234375 0.0765625 0.0765625
3 0.23984375 0.10625 0.096875 0.1359375
3 0.61953125 0.13046875 0.025 0.0296875
3 0.5546875 0.13359375 0.03125 0.0125
3 0.640625 0.2953125 0.1375 0.040625
3 0.715625 0.4 0.2046875 0.0984375
3 0.60390625 0.41953125 0.0890625 0.0296875
3 0.475 0.5125 0.1578125 0.04375
3 0.621875 0.54296875 0.096875 0.0390625
3 0.528125 0.48359375 0.0609375 0.0203125
3 0.53359375 0.5453125 0.0515625 0.0203125
3 0.58828125 0.65546875 0.0515625 0.0203125
3 0.3515625 0.02265625 0.05 0.0453125
3 0.14140625 0.140625 0.10625 0.0453125
3 0.9296875 0.6390625 0.078125 0.0515625
3 0.94921875 0.59375 0.1015625 0.05625