3 0.72265625 0.51796875 0.246875 0.0703125
3 0.559375 0.6609375 0.1640625 0.1671875
3 0.715625 0.303125 0.2234375 0.084375
3 0.36875 0.32109375 0.2515625 0.09375
3 0.43203125 0.49609375 0.2734375 0.1609375
3 0.5015625 0.578125 0.20625 0.1296875
3 0.68828125 0.37734375 0.2296875 0.115625
3 0.93203125 0.1421875 0.1140625 0.0703125
3 0.49296875 0.215625 0.1109375 0.04375
3 0.58671875 0.20703125 0.0828125 0.040625
3 0.6375 0.3484375 0.15625 0.04375
3 0.4890625 0.3515625 0.13125 0.0359375
3 0.59296875 0.4359375 0.0625 0.065625
3 0.5296875 0.4875 0.134375 0.040625
3 0.646875 0.57578125 0.0625 0.028125
3 0.7109375 0.07890625 0.146875 0.1578125
3 0.16953125 0.09921875 0.1546875 0.0984375
3 0.7328125 0.11875 0.08125 0.084375
3 0.9265625 0.090625 0.0765625 0.0296875
3 0.928125 0.20859375 0.065625 0.025
3 0.9796875 0.22265625 0.040625 0.0453125
3 0.95078125 0.24375 0.034375 0.040625
3 0.965625 0.478125 0.06875 0.028125
3 0.95 0.4421875 0.0546875 0.0515625
3 0.8984375 0.50546875 0.034375 0.0234375
3 0.9046875 0.5875 0.0859375 0.0703125
3 0.946875 0.6171875 0.10625 0.0609375
3 0.92578125 0.8671875 0.04375 0.065625
3 0.83203125 0.946875 0.075 0.0546875
3 0.60234375 0.96796875 0.20625 0.0640625
3 0.5203125 0.29140625 0.046875 0.0375
3 0.9765625 0.7078125 0.0359375 0.0390625