3 0.55703125 0.65078125 0.1921875 0.1734375
3 0.62109375 0.5265625 0.259375 0.0828125
3 0.2171875 0.45625 0.253125 0.0765625
3 0.1921875 0.346875 0.228125 0.090625
3 0.2921875 0.26953125 0.1609375 0.065625
3 0.371875 0.5109375 0.1125 0.046875
3 0.63203125 0.3078125 0.34375 0.125
3 0.578125 0.4296875 0.2921875 0.1515625
3 0.30859375 0.38125 0.1328125 0.05
3 0.3890625 0.46796875 0.0671875 0.0375
3 0.83515625 0.3671875 0.328125 0.165625
3 0.5953125 0.20390625 0.11875 0.0765625
3 0.12734375 0.175 0.13125 0.0453125
3 0.909375 0.23984375 0.18125 0.1
3 0.03515625 0.22734375 0.0703125 0.1078125
3 0.93515625 0.459375 0.1296875 0.0984375
3 0.71953125 0.03828125 0.271875 0.0765625
3 0.52734375 0.1546875 0.0640625 0.0546875
3 0.059375 0.48671875 0.053125 0.040625
3 0.04765625 0.41875 0.0640625 0.0765625
3 0.0390625 0.6515625 0.078125 0.1265625