3 0.18828125 0.4078125 0.1484375 0.1875
3 0.28203125 0.48671875 0.278125 0.1421875
3 0.37734375 0.57890625 0.25 0.1171875
3 0.565625 0.69921875 0.2203125 0.2125
3 0.7015625 0.55546875 0.35 0.10625
3 0.38984375 0.50625 0.146875 0.0640625
3 0.5671875 0.48359375 0.1390625 0.053125
3 0.32578125 0.34609375 0.1125 0.059375
3 0.43359375 0.3671875 0.0765625 0.0984375
3 0.9421875 0.36328125 0.115625 0.0640625
3 0.46171875 0.20390625 0.1234375 0.109375
3 0.35390625 0.17109375 0.0640625 0.1046875
3 0.73359375 0.41015625 0.46875 0.096875
3 0.646875 0.3703125 0.3453125 0.178125
3 0.43125 0.28515625 0.134375 0.0546875
3 0.765625 0.13515625 0.1140625 0.0734375
3 0.571875 0.21171875 0.075 0.0484375
3 0.7484375 0.09609375 0.08125 0.059375
3 0.065625 0.084375 0.13125 0.1640625
3 0.265625 0.17734375 0.096875 0.16875
3 0.09453125 0.28046875 0.1390625 0.0578125
3 0.20078125 0.23671875 0.0640625 0.071875
3 0.11796875 0.3140625 0.059375 0.025