3 0.1640625 0.36328125 0.28125 0.096875
3 0.7125 0.33515625 0.246875 0.0734375
3 0.240625 0.50703125 0.340625 0.115625
3 0.78671875 0.49296875 0.265625 0.1390625
3 0.5015625 0.65234375 0.196875 0.121875
3 0.75703125 0.728125 0.209375 0.1453125
3 0.76171875 0.6234375 0.209375 0.0796875
3 0.38671875 0.39375 0.0734375 0.0625
3 0.47890625 0.4125 0.09375 0.040625
3 0.60625 0.48359375 0.0703125 0.0484375
3 0.4890625 0.55078125 0.1515625 0.0515625
3 0.46328125 0.51796875 0.0625 0.0359375
3 0.53203125 0.5140625 0.0546875 0.04375
3 0.6765625 0.5734375 0.0671875 0.0515625
3 0.6375 0.65703125 0.0546875 0.03125
3 0.28671875 0.2078125 0.1890625 0.06875
3 0.43671875 0.23125 0.0515625 0.0453125
3 0.44140625 0.19140625 0.040625 0.040625
3 0.67890625 0.24765625 0.121875 0.05
3 0.90859375 0.25 0.0625 0.0546875
3 0.05390625 0.26796875 0.0640625 0.05625
3 0.2375 0.2765625 0.09375 0.0453125
3 0.12578125 0.13984375 0.09375 0.0375
3 0.13984375 0.27421875 0.0578125 0.0359375
3 0.05703125 0.22890625 0.0578125 0.021875
3 0.10703125 0.2453125 0.0390625 0.0265625
3 0.321875 0.284375 0.0703125 0.028125
3 0.59609375 0.1703125 0.040625 0.0390625
3 0.43828125 0.16640625 0.046875 0.034375
3 0.8953125 0.17890625 0.0921875 0.0640625
3 0.7953125 0.27578125 0.19375 0.0484375
3 0.975 0.484375 0.05 0.025
3 0.14609375 0.08046875 0.0828125 0.0359375