3 0.7015625 0.28984375 0.3546875 0.0921875
3 0.63359375 0.4390625 0.2140625 0.1109375
3 0.57890625 0.54609375 0.1953125 0.08125
3 0.41484375 0.6265625 0.1828125 0.1421875
3 0.33125 0.440625 0.275 0.096875
3 0.353125 0.30078125 0.2078125 0.0828125
3 0.346875 0.53359375 0.2484375 0.0890625
3 0.16796875 0.79609375 0.2140625 0.240625
3 0.07734375 0.89140625 0.13125 0.2171875
3 0.53984375 0.4703125 0.084375 0.03125
3 0.4265625 0.47265625 0.109375 0.0328125
3 0.56015625 0.35078125 0.10625 0.0359375
3 0.44609375 0.340625 0.09375 0.0296875
3 0.44375 0.20625 0.09375 0.03125
3 0.70078125 0.12890625 0.090625 0.053125
3 0.8171875 0.1265625 0.09375 0.0796875
3 0.74609375 0.1640625 0.059375 0.0265625
3 0.90625 0.1 0.0953125 0.0609375
3 0.80625 0.0359375 0.065625 0.0625
3 0.4046875 0.115625 0.0890625 0.0484375
3 0.0734375 0.20390625 0.146875 0.0953125
3 0.1671875 0.08125 0.1765625 0.0640625
3 0.09921875 0.33359375 0.05625 0.059375
3 0.11484375 0.5046875 0.084375 0.0390625
3 0.071875 0.58046875 0.078125 0.0578125
3 0.09609375 0.46328125 0.121875 0.053125
3 0.03984375 0.31796875 0.0375 0.078125
3 0.2125 0.14765625 0.0609375 0.0359375
3 0.28046875 0.084375 0.134375 0.0265625
3 0.31875 0.12109375 0.0359375 0.028125
3 0.29453125 0.1109375 0.0390625 0.021875
3 0.27578125 0.04765625 0.0859375 0.05625