3 0.43828125 0.5859375 0.134375 0.1390625
3 0.50546875 0.5046875 0.1453125 0.059375
3 0.32109375 0.51171875 0.196875 0.0703125
3 0.53125 0.43828125 0.1953125 0.053125
3 0.54765625 0.3640625 0.2375 0.0640625
3 0.2625 0.4328125 0.221875 0.115625
3 0.51484375 0.2703125 0.1828125 0.0859375
3 0.2859375 0.265625 0.1578125 0.06875
3 0.28984375 0.1921875 0.1609375 0.040625
3 0.46484375 0.403125 0.1078125 0.028125
3 0.38515625 0.38671875 0.059375 0.078125
3 0.36640625 0.44921875 0.0921875 0.028125
3 0.45390625 0.303125 0.096875 0.0359375
3 0.525 0.11953125 0.0734375 0.084375
3 0.10078125 0.04375 0.1515625 0.0875
3 0.17109375 0.04765625 0.065625 0.05625
3 0.29375 0.08828125 0.0421875 0.0328125
3 0.58515625 0.14609375 0.0328125 0.0375
3 0.89609375 0.90546875 0.1921875 0.0828125
3 0.734375 0.8453125 0.078125 0.0578125
3 0.91171875 0.8203125 0.121875 0.053125
3 0.8625 0.4203125 0.0703125 0.09375
3 0.80859375 0.4421875 0.075 0.0546875
3 0.9140625 0.3796875 0.115625 0.078125
3 0.88984375 0.32421875 0.1109375 0.06875
3 0.89375 0.22265625 0.0546875 0.0515625
3 0.93203125 0.48515625 0.05625 0.0265625
3 0.8125 0.5875 0.0859375 0.0359375
3 0.85703125 0.03203125 0.1359375 0.0640625
3 0.81484375 0.16640625 0.05 0.046875
3 0.56875 0.07421875 0.0953125 0.025
3 0.3984375 0.17109375 0.034375 0.040625
3 0.540625 0.0265625 0.075 0.0375
3 0.94140625 0.1796875 0.0890625 0.05