3 0.67265625 0.54609375 0.215625 0.0984375
3 0.3859375 0.546875 0.315625 0.0828125
3 0.75390625 0.44453125 0.2703125 0.109375
3 0.47890625 0.68203125 0.359375 0.128125
3 0.29453125 0.421875 0.4125 0.1375
3 0.27734375 0.3296875 0.340625 0.096875
3 0.7125 0.2421875 0.14375 0.06875
3 0.41640625 0.0671875 0.13125 0.134375
3 0.2234375 0.1109375 0.159375 0.075
3 0.41484375 0.24921875 0.13125 0.053125
3 0.50390625 0.2796875 0.05625 0.0515625
3 0.521875 0.31640625 0.1203125 0.06875
3 0.62421875 0.3375 0.0984375 0.03125
3 0.51796875 0.60625 0.1125 0.0453125
3 0.6375 0.59375 0.10625 0.04375
3 0.60390625 0.446875 0.096875 0.05
3 0.7484375 0.14453125 0.046875 0.0640625
3 0.67421875 0.13359375 0.0515625 0.0546875
3 0.834375 0.175 0.1484375 0.084375
3 0.93125 0.4765625 0.1375 0.071875
3 0.52109375 0.01875 0.0640625 0.0375
3 0.3796875 0.1765625 0.1015625 0.0390625
3 0.296875 0.1515625 0.084375 0.0796875
3 0.06796875 0.08125 0.1359375 0.0890625
3 0.88515625 0.09296875 0.0484375 0.0421875