5 0.74609375 0.17890625 0.215625 0.3578125
3 0.846875 0.87734375 0.2265625 0.2453125
5 0.58359375 0.68203125 0.278125 0.3125
5 0.6046875 0.903125 0.13125 0.128125
5 0.271875 0.38125 0.3078125 0.3390625
5 0.1578125 0.1125 0.25 0.2015625
5 0.46484375 0.09921875 0.171875 0.146875
5 0.17578125 0.559375 0.1828125 0.10625
5 0.275 0.74296875 0.2203125 0.134375
5 0.38828125 0.95390625 0.1171875 0.0921875
5 0.06484375 0.334375 0.1296875 0.15
5 0.06484375 0.734375 0.1296875 0.1421875
5 0.0859375 0.91328125 0.1375 0.1734375
5 0.1484375 0.87734375 0.08125 0.0875
5 0.29140625 0.89375 0.1765625 0.1625
5 0.421875 0.64296875 0.0703125 0.1515625
5 0.54453125 0.4796875 0.13125 0.1359375
5 0.4765625 0.45 0.140625 0.1375
5 0.56328125 0.2421875 0.1296875 0.109375
5 0.44453125 0.22109375 0.1453125 0.1078125
5 0.60234375 0.05546875 0.146875 0.1109375
5 0.2234375 0.6078125 0.18125 0.16875
3 0.74453125 0.71640625 0.078125 0.21875
3 0.88828125 0.4765625 0.2234375 0.3890625
3 0.79375 0.5328125 0.078125 0.153125
3 0.715625 0.52421875 0.090625 0.171875
3 0.7 0.33671875 0.0703125 0.09375
3 0.55859375 0.3171875 0.0796875 0.09375
3 0.4359375 0.88203125 0.115625 0.1234375
3 0.76484375 0.48125 0.0484375 0.1234375