5 0.69296875 0.46484375 0.1765625 0.1625
5 0.796875 0.2109375 0.153125 0.1375
5 0.9234375 0.21015625 0.103125 0.16875
5 0.59921875 0.659375 0.2359375 0.2078125
5 0.80390625 0.5890625 0.175 0.14375
5 0.65625 0.590625 0.053125 0.0890625
5 0.47265625 0.7765625 0.29375 0.28125
5 0.29453125 0.84296875 0.121875 0.1546875
5 0.25078125 0.92109375 0.08125 0.1578125
5 0.23125 0.6015625 0.05625 0.15
5 0.346875 0.49296875 0.3125 0.23125
5 0.5046875 0.503125 0.14375 0.1796875
5 0.35703125 0.63046875 0.0453125 0.0984375
5 0.43125 0.3171875 0.134375 0.15
5 0.1109375 0.1265625 0.1859375 0.253125
5 0.04765625 0.47578125 0.09375 0.1703125
5 0.1 0.79609375 0.0640625 0.075
5 0.0796875 0.31484375 0.0625 0.1109375
5 0.571875 0.271875 0.1171875 0.2703125
5 0.51171875 0.3828125 0.046875 0.0640625
5 0.70546875 0.309375 0.10625 0.203125
5 0.840625 0.28515625 0.0765625 0.084375
5 0.78359375 0.42265625 0.0953125 0.1171875
5 0.66796875 0.9640625 0.0578125 0.071875
5 0.9828125 0.19921875 0.034375 0.08125
5 0.98203125 0.12734375 0.0359375 0.065625
5 0.8265625 0.0578125 0.0765625 0.090625
5 0.7140625 0.91171875 0.0515625 0.0640625
5 0.70390625 0.03984375 0.0671875 0.0796875