5 0.5765625 0.80703125 0.1234375 0.2421875
5 0.40390625 0.67421875 0.1328125 0.2125
5 0.515625 0.578125 0.0640625 0.134375
5 0.3578125 0.46171875 0.0859375 0.196875
5 0.50546875 0.378125 0.065625 0.1046875
5 0.175 0.2203125 0.1078125 0.2046875
5 0.09296875 0.396875 0.0953125 0.253125
5 0.0984375 0.61875 0.10625 0.1140625
5 0.04296875 0.8703125 0.0859375 0.1875
5 0.95859375 0.35625 0.0734375 0.159375
5 0.03359375 0.12734375 0.0671875 0.1421875
5 0.03515625 0.29375 0.0703125 0.1453125
5 0.14921875 0.4703125 0.0734375 0.1296875
5 0.27578125 0.18984375 0.109375 0.2421875
5 0.25859375 0.43203125 0.1421875 0.2828125
5 0.425 0.4078125 0.0625 0.1
5 0.396875 0.1796875 0.1015625 0.1859375
5 0.48046875 0.2125 0.1171875 0.2390625
5 0.54375 0.14375 0.0859375 0.1546875
5 0.5421875 0.28046875 0.0828125 0.1609375
5 0.60703125 0.5203125 0.11875 0.1953125
5 0.590625 0.12421875 0.0546875 0.1140625
5 0.63359375 0.15703125 0.0515625 0.0921875
5 0.6171875 0.27421875 0.05625 0.128125
5 0.66953125 0.25390625 0.0875 0.2
5 0.6265625 0.66796875 0.1015625 0.128125
5 0.72265625 0.67578125 0.11875 0.1484375
5 0.721875 0.55 0.1296875 0.2140625
5 0.71640625 0.3796875 0.1046875 0.0765625
5 0.7375 0.1984375 0.1015625 0.15
5 0.45859375 0.0765625 0.0578125 0.1109375
5 0.3796875 0.09140625 0.04375 0.0828125
5 0.32578125 0.07734375 0.0734375 0.1546875
5 0.78359375 0.79296875 0.1546875 0.265625
5 0.88828125 0.61640625 0.2234375 0.1828125
5 0.7859375 0.59296875 0.0453125 0.071875
5 0.83984375 0.45 0.040625 0.1140625
5 0.9546875 0.471875 0.065625 0.125
5 0.9078125 0.23046875 0.1296875 0.253125
5 0.7734375 0.1109375 0.2453125 0.221875
5 0.7625 0.50703125 0.0515625 0.09375
5 0.52890625 0.05234375 0.05625 0.065625
5 0.409375 0.04375 0.0609375 0.0859375