5 0.38203125 0.42265625 0.096875 0.1734375
5 0.534375 0.42265625 0.0984375 0.1625
5 0.62265625 0.4625 0.1 0.1671875
5 0.50625 0.6703125 0.1171875 0.1546875
5 0.5015625 0.26328125 0.1046875 0.115625
5 0.65 0.2125 0.1453125 0.2046875
5 0.409375 0.25234375 0.0953125 0.125
5 0.4875 0.1484375 0.0828125 0.08125
5 0.5734375 0.14921875 0.1484375 0.2109375
5 0.134375 0.10234375 0.171875 0.2046875
5 0.09609375 0.26328125 0.1921875 0.1375
5 0.103125 0.48671875 0.20625 0.3078125
5 0.20625 0.33125 0.1390625 0.2265625
5 0.45078125 0.53828125 0.053125 0.0828125
5 0.5046875 0.51328125 0.0515625 0.065625
5 0.50625 0.8 0.11875 0.2234375
5 0.64921875 0.909375 0.1671875 0.171875
5 0.71015625 0.7453125 0.109375 0.2296875
5 0.76328125 0.8625 0.0671875 0.125
5 0.6640625 0.63671875 0.0625 0.11875
5 0.565625 0.3078125 0.04375 0.0609375
5 0.89296875 0.4515625 0.140625 0.1328125