5 0.65 0.15625 0.3203125 0.3125
5 0.275 0.41328125 0.1828125 0.1703125
5 0.3984375 0.79609375 0.153125 0.1890625
5 0.5125 0.815625 0.1328125 0.18125
5 0.7265625 0.76171875 0.1734375 0.2046875
5 0.84609375 0.490625 0.1609375 0.1765625
5 0.71953125 0.315625 0.190625 0.146875
5 0.41875 0.290625 0.096875 0.1421875
5 0.265625 0.64375 0.1015625 0.1953125
5 0.5703125 0.7078125 0.175 0.2796875
5 0.290625 0.10546875 0.3359375 0.2109375
5 0.57109375 0.4078125 0.1828125 0.171875
5 0.05703125 0.15625 0.1140625 0.121875
5 0.38984375 0.63984375 0.0875 0.10625
5 0.09296875 0.39609375 0.0546875 0.125
5 0.14453125 0.3453125 0.1234375 0.1234375
5 0.1765625 0.62421875 0.09375 0.140625
5 0.496875 0.525 0.0515625 0.0546875
5 0.69375 0.48203125 0.0640625 0.0609375
5 0.69921875 0.6125 0.0671875 0.109375
5 0.73125 0.44609375 0.0703125 0.1125
5 0.659375 0.88125 0.0953125 0.221875