5 0.84921875 0.36875 0.175 0.15625
5 0.865625 0.53515625 0.2375 0.140625
5 0.4796875 0.15546875 0.0734375 0.065625
5 0.4234375 0.4046875 0.0796875 0.0796875
5 0.72734375 0.4703125 0.1484375 0.14375
5 0.83828125 0.71015625 0.1953125 0.1515625
5 0.453125 0.65 0.1 0.184375
5 0.54140625 0.6828125 0.078125 0.20625
5 0.49765625 0.83984375 0.1328125 0.1046875
5 0.7140625 0.9109375 0.2234375 0.178125
5 0.2890625 0.63125 0.196875 0.165625
5 0.2046875 0.9390625 0.21875 0.121875
5 0.33359375 0.3484375 0.0796875 0.1765625
5 0.709375 0.35859375 0.1453125 0.109375
5 0.74375 0.63515625 0.196875 0.2
5 0.6234375 0.4765625 0.071875 0.065625
5 0.6125 0.10234375 0.1359375 0.109375
5 0.64453125 0.290625 0.04375 0.046875
5 0.615625 0.6859375 0.1109375 0.15625
5 0.55546875 0.55546875 0.065625 0.06875
5 0.47421875 0.53984375 0.05625 0.075
5 0.61640625 0.3546875 0.1 0.0765625
5 0.584375 0.2796875 0.0875 0.09375
5 0.728125 0.21875 0.18125 0.1953125
5 0.6453125 0.19453125 0.0578125 0.1125
5 0.6015625 0.18359375 0.075 0.10625
5 0.51796875 0.096875 0.0765625 0.0890625
5 0.44765625 0.03203125 0.0890625 0.0640625
5 0.5984375 0.028125 0.128125 0.05625
5 0.43515625 0.259375 0.109375 0.1140625
5 0.48984375 0.39375 0.0953125 0.1171875
5 0.05546875 0.3078125 0.1109375 0.13125
5 0.10078125 0.4421875 0.090625 0.14375
5 0.071875 0.81875 0.14375 0.115625
5 0.26171875 0.7375 0.128125 0.115625
5 0.259375 0.8265625 0.03125 0.090625
5 0.37734375 0.803125 0.05625 0.11875
5 0.27890625 0.065625 0.1953125 0.0765625
5 0.3859375 0.08515625 0.0328125 0.0671875
5 0.32578125 0.803125 0.05625 0.1015625
5 0.36953125 0.6796875 0.071875 0.1296875
5 0.096875 0.20859375 0.1625 0.1234375
5 0.184375 0.30234375 0.1421875 0.1671875