5 0.8546875 0.8984375 0.1125 0.203125
5 0.06328125 0.0390625 0.0984375 0.078125
5 0.1703125 0.0328125 0.13125 0.065625
5 0.140625 0.3296875 0.1140625 0.1890625
5 0.0609375 0.3609375 0.121875 0.1140625
5 0.2453125 0.47109375 0.1578125 0.1859375
5 0.17421875 0.5421875 0.0890625 0.078125
3 0.22890625 0.6234375 0.03125 0.075
3 0.3015625 0.6125 0.046875 0.0796875
5 0.0359375 0.61640625 0.059375 0.059375
5 0.0546875 0.6953125 0.109375 0.11875
5 0.1359375 0.79296875 0.115625 0.08125
3 0.20703125 0.796875 0.0515625 0.065625
3 0.22109375 0.14375 0.0359375 0.028125
3 0.203125 0.11640625 0.0234375 0.05
5 0.24453125 0.31640625 0.0546875 0.05625
5 0.253125 0.36875 0.0546875 0.078125
3 0.26015625 0.8296875 0.096875 0.0953125
5 0.309375 0.946875 0.0359375 0.10625
5 0.46796875 0.93984375 0.0234375 0.0578125
5 0.37734375 0.8734375 0.0859375 0.06875
5 0.4 0.7984375 0.0328125 0.0390625
3 0.365625 0.71640625 0.01875 0.0328125
5 0.36484375 0.49609375 0.1265625 0.1703125
5 0.31953125 0.4 0.0921875 0.0796875
5 0.39765625 0.2578125 0.20625 0.1203125
5 0.4453125 0.2171875 0.1234375 0.0796875
5 0.4203125 0.38046875 0.0390625 0.084375
5 0.465625 0.40234375 0.053125 0.05
5 0.47890625 0.378125 0.0671875 0.0671875
5 0.453125 0.60703125 0.0390625 0.0484375
5 0.47578125 0.6671875 0.040625 0.0828125
5 0.4640625 0.73046875 0.0296875 0.040625
5 0.51171875 0.928125 0.0296875 0.0546875
5 0.5171875 0.97734375 0.046875 0.0421875
5 0.52890625 0.7890625 0.0359375 0.0359375
5 0.56640625 0.77265625 0.034375 0.065625
5 0.53359375 0.66875 0.059375 0.0640625
3 0.55078125 0.70234375 0.0296875 0.059375
5 0.47578125 0.5921875 0.0453125 0.0859375
5 0.4859375 0.471875 0.0859375 0.0703125
5 0.51640625 0.45625 0.0765625 0.071875
5 0.53828125 0.3671875 0.0703125 0.1015625
5 0.5375 0.21953125 0.0875 0.078125
5 0.584375 0.259375 0.0734375 0.06875
5 0.58125 0.29296875 0.0546875 0.0390625
5 0.559375 0.4921875 0.053125 0.1015625
5 0.62890625 0.95078125 0.1359375 0.0984375
5 0.6359375 0.85234375 0.2234375 0.1703125
5 0.640625 0.7359375 0.1390625 0.0859375
5 0.65234375 0.5765625 0.09375 0.0671875
5 0.6125 0.5234375 0.0546875 0.0890625
5 0.65078125 0.390625 0.0859375 0.059375
5 0.6015625 0.33359375 0.1 0.078125
5 0.634375 0.33828125 0.0875 0.0609375
5 0.7046875 0.2859375 0.0953125 0.1171875
5 0.71953125 0.340625 0.0390625 0.06875
5 0.7328125 0.41015625 0.075 0.103125
5 0.7328125 0.5328125 0.10625 0.090625
5 0.68125 0.6640625 0.09375 0.1140625
5 0.7390625 0.709375 0.0359375 0.078125
5 0.72109375 0.7796875 0.0578125 0.075
5 0.771875 0.98203125 0.0859375 0.0359375
5 0.77265625 0.78828125 0.1359375 0.14375
5 0.7765625 0.63984375 0.0828125 0.1140625
5 0.77265625 0.48359375 0.0890625 0.071875
5 0.7921875 0.41875 0.0703125 0.071875
5 0.78984375 0.3484375 0.0921875 0.078125
5 0.840625 0.5890625 0.15 0.121875
5 0.98125 0.9671875 0.0375 0.065625
5 0.2546875 0.26328125 0.0890625 0.0421875