9 0.57421875 0.678125 0.0875 0.0703125
9 0.52578125 0.23203125 0.0484375 0.128125
9 0.34765625 0.3953125 0.121875 0.0734375
9 0.38359375 0.31328125 0.0984375 0.0703125
9 0.6 0.76484375 0.0703125 0.0984375
9 0.7984375 0.2921875 0.09375 0.165625
9 0.94453125 0.41796875 0.0765625 0.14375
9 0.55546875 0.52421875 0.1546875 0.096875
9 0.09765625 0.40390625 0.0734375 0.2015625
9 0.7265625 0.775 0.090625 0.0875
9 0.03046875 0.45 0.059375 0.153125
9 0.728125 0.3953125 0.0515625 0.109375
9 0.7328125 0.52578125 0.05625 0.0828125
9 0.8140625 0.5078125 0.0703125 0.1296875
9 0.86484375 0.42421875 0.05625 0.0625
9 0.659375 0.36640625 0.0625 0.1125
9 0.70859375 0.58046875 0.0671875 0.1015625
9 0.3734375 0.6375 0.0515625 0.115625
9 0.6359375 0.47265625 0.059375 0.115625